 ! Swift/XRT lightcurve of trigger: 10977, name: Swift J005139.2-721704 
 ! T0 for this burst is Swift MET=153250381.8006 s, = 2005 Nov 09 at 17:33:01.970 UT
 ! Data covers 0.3-10 keV
 ! The data are in 5 columns: ";
 ! time, time error (+ve), time error (-ve), source count-rate, source error
 ! For a detailed description of light curve production, see Evans et al. 2007 (A&A, 469, 379 )
 ! For a detailed description of the file, see
 ! http://www.swift.ac.uk/xrt_curves/docs.php
 ! This lightcurve was obtained from http://www.swift.ac.uk/xrt_curves/00010977
 ! BINMODE: 
! WT data
!MJD    	T_+ve   	T_-ve   	Rate    	Ratepos 	Rateneg
57754.2706298715	0.00695592592592593	-0.00695592592592593	5.974838e-01	3.667782e-02	-4.206303e-02
58434.8038008206	0.0411979513888889	-0.0411979513888889	1.020346e+00	3.200671e-02	-2.695847e-02
58435.335619022	0.0349445138888889	-0.0349445138888889	1.315399e+00	3.980107e-02	-4.105065e-02
58438.8897345752	0.607939872685185	-0.607939872685185	2.776822e+00	2.623358e-02	-2.635610e-02
58447.5128483669	0.0757306134259259	-0.0757306134259259	4.311017e+00	8.571587e-02	-1.191555e-01
58450.3314798345	0.0961687037037037	-0.0961687037037037	5.698598e+00	3.725517e-01	-3.725521e-01
! PC data
!MJD    	T_+ve   	T_-ve   	Rate    	Ratepos 	Rateneg
55866.1848464497	0.00114627314814815	-0.00114627314814815	9.149520e-03	1.374258e-02	-6.697448e-03
56154.5308186975	0.440583923611111	-0.440583923611111	1.387852e-03	1.068840e-03	-7.190197e-04
56203.3097421219	0.166507743055556	-0.166507743055556	3.788769e-03	3.564093e-03	-2.183391e-03
56206.6386030713	0.171686331018519	-0.171686331018519	9.081786e-04	6.793960e-04	-4.575653e-04
56257.1102714856	0.738900509259259	-0.738900509259259	1.349228e-03	1.014751e-03	-6.826337e-04
56261.6406460512	0.334215138888889	-0.334215138888889	1.048086e-03	6.898323e-04	-4.907705e-04
58428.5422990521	0.00603608796296296	-0.00603608796296296	1.233253e-02	4.740912e-03	-3.832650e-03
58431.4596274074	0.00538318287037037	-0.00538318287037037	4.549828e-01	3.802725e-02	-3.802725e-02
58434.7031665961	0.00560079861111111	-0.00560079861111111	8.235055e-01	5.094013e-02	-5.094013e-02
58435.5783610359	0.000348240740740741	-0.000348240740740741	1.002759e+00	3.659652e-01	-2.958538e-01
58437.688913191	0.00525255787037037	-0.00525255787037037	2.156479e+00	1.284237e-01	-1.284237e-01
58440.5421922986	0.00615217592592593	-0.00615217592592593	3.228838e+00	1.315336e-01	-1.315336e-01
58442.2675961944	0.000348240740740741	-0.000348240740740741	3.557339e+00	6.056302e-01	-6.056302e-01
58443.5383787315	0.00580393518518518	-0.00580393518518518	3.042886e+00	1.528929e-01	-1.528929e-01
58446.1944586424	0.00525255787037037	-0.00525255787037037	3.566553e+00	1.675309e-01	-1.675309e-01
58449.3145109155	0.00603608796296296	-0.00603608796296296	4.283054e+00	1.878731e-01	-1.878731e-01
58449.4324696887	0.000319212962962963	-0.000319212962962963	3.801924e+00	6.790602e-01	-6.790602e-01
58450.3390764317	0.103710775462963	-0.103710775462963	5.164188e+00	9.508951e-02	-9.508951e-02
58452.4349673368	0.00502040509259259	-0.00502040509259259	4.406478e+00	1.930350e-01	-1.930350e-01
58455.2861317801	0.00594903935185185	-0.00594903935185185	4.384017e+00	2.031740e-01	-2.031740e-01
58456.346070456	0.000362743055555556	-0.000362743055555556	4.668296e+00	7.326699e-01	-7.326699e-01
58458.9637169282	0.0360131018518519	-0.0360131018518519	3.302920e+00	1.260918e-01	-1.260918e-01
58470.4823513634	0.0354386111111111	-0.0354386111111111	1.832206e+00	1.159487e-01	-1.159487e-01
58470.9175021852	0.000348240740740741	-0.000348240740740741	1.157498e+00	2.578608e-01	-2.578608e-01
58471.5774172037	0.000319212962962963	-0.000319212962962963	1.202904e+00	4.104197e-01	-3.352521e-01
58471.9762835	0.00190078703703704	-0.00190078703703704	1.313473e+00	9.138497e-02	-9.138497e-02
58472.9361621759	0.0385551157407407	-0.0385551157407407	1.705812e+00	8.921982e-02	-8.921982e-02
58473.5014049838	0.00803844907407407	-0.00803844907407407	1.576417e+00	8.710772e-02	-8.710772e-02
58474.5580434398	0.00625373842592593	-0.00625373842592593	1.948281e+00	1.197141e-01	-1.197141e-01
58475.1198129884	0.0361705671296296	-0.0361705671296296	1.214208e+00	7.193055e-02	-7.193055e-02
58476.1784082037	0.0344978587962963	-0.0344978587962963	1.402113e+00	8.310411e-02	-8.310411e-02
58479.2811021018	0.000319212962962963	-0.000319212962962963	8.623071e-01	2.549403e-01	-2.131427e-01
58491.2882858588	0.000362743055555556	-0.000362743055555556	6.485931e-01	2.085520e-01	-1.718095e-01
58492.1443097361	0.00609415509259259	-0.00609415509259259	4.303434e-01	2.981720e-02	-2.981720e-02
58496.0689175995	0.00648592592592593	-0.00648592592592593	2.701302e-01	2.021230e-02	-2.021230e-02
58500.9035608044	0.00587648148148148	-0.00587648148148148	1.460024e-01	1.361708e-02	-1.361708e-02
58504.2974072778	0.00560079861111111	-0.00560079861111111	5.703009e-02	8.732836e-03	-8.732836e-03
58505.2225702176	0.000319212962962963	-0.000319212962962963	6.526682e-02	4.787569e-02	-3.224372e-02
58508.2029780729	0.200912303240741	-0.200912303240741	1.072810e-02	7.005450e-03	-4.983919e-03
58946.34383775	0.000362743055555556	-0.000362743055555556	5.498791e-02	4.183905e-02	-2.814556e-02
59912.5225933345	0.000304710648148148	-0.000304710648148148	2.437109e-01	8.706595e-02	-7.034142e-02
60318.921672206	0.000203136574074074	-0.000203136574074074	1.019394e-01	7.477644e-02	-5.036106e-02
! PC upper limits
53875.5549450446	0.536680625	-0.536680625	2.4310e-03	0.0000e+00	0.0000e+00
54646.213928535	0.039487662037037	-0.039487662037037	6.4375e-03	0.0000e+00	0.0000e+00
54662.1693098442	0.0021474537037037	-0.0021474537037037	2.9278e-02	0.0000e+00	0.0000e+00
55099.9621098441	0.90793099537037	-0.90793099537037	3.0485e-03	0.0000e+00	0.0000e+00
55153.7235767021	0.134351215277778	-0.134351215277778	4.6527e-03	0.0000e+00	0.0000e+00
55466.7640303719	0.0427216550925926	-0.0427216550925926	4.8836e-03	0.0000e+00	0.0000e+00
55467.8768495617	0.00153804398148148	-0.00153804398148148	5.0039e-02	0.0000e+00	0.0000e+00
55471.5508075047	0.0720244212962963	-0.0720244212962963	7.3494e-03	0.0000e+00	0.0000e+00
55473.9149126288	0.0412306134259259	-0.0412306134259259	8.3791e-03	0.0000e+00	0.0000e+00
55475.4558468963	0.177400439814815	-0.177400439814815	4.7439e-03	0.0000e+00	0.0000e+00
55485.2600506192	0.196799351851852	-0.196799351851852	5.8276e-03	0.0000e+00	0.0000e+00
55491.2017718354	0.00715334490740741	-0.00715334490740741	1.1546e-02	0.0000e+00	0.0000e+00
55708.9988400846	0.00104471064814815	-0.00104471064814815	5.0051e-02	0.0000e+00	0.0000e+00
55734.4942410787	0.273712199074074	-0.273712199074074	3.9245e-03	0.0000e+00	0.0000e+00
55795.5714384831	0.00136392361111111	-0.00136392361111111	4.4833e-02	0.0000e+00	0.0000e+00
55839.0469936613	0.00429490740740741	-0.00429490740740741	1.3260e-02	0.0000e+00	0.0000e+00
55841.8256967376	0.236011168981482	-0.236011168981482	1.0087e-02	0.0000e+00	0.0000e+00
55848.4286373527	0.234448564814815	-0.234448564814815	1.0903e-01	0.0000e+00	0.0000e+00
55865.8456431973	0.132016030092593	-0.132016030092593	1.0316e-02	0.0000e+00	0.0000e+00
55872.1285354944	0.00120431712962963	-0.00120431712962963	7.5735e-02	0.0000e+00	0.0000e+00
56145.542074305	0.00155255787037037	-0.00155255787037037	5.9087e-02	0.0000e+00	0.0000e+00
56146.5139747377	0.43659900462963	-0.43659900462963	9.6181e-03	0.0000e+00	0.0000e+00
56147.5197919299	0.307678148148148	-0.307678148148148	9.0028e-03	0.0000e+00	0.0000e+00
56148.5149642839	0.372394363425926	-0.372394363425926	2.5264e-03	0.0000e+00	0.0000e+00
56149.9506595431	0.874906886574074	-0.874906886574074	1.5576e-03	0.0000e+00	0.0000e+00
56152.0271319711	0.939395717592593	-0.939395717592593	2.3221e-03	0.0000e+00	0.0000e+00
56153.4955257764	0.471006585648148	-0.471006585648148	1.6241e-03	0.0000e+00	0.0000e+00
56157.0028290652	0.973440497685185	-0.973440497685185	1.2216e-03	0.0000e+00	0.0000e+00
56164.4519221211	0.538907997685185	-0.538907997685185	4.3450e-03	0.0000e+00	0.0000e+00
56166.5179465627	0.470798449074074	-0.470798449074074	4.5022e-03	0.0000e+00	0.0000e+00
56168.6215691293	0.1644234375	-0.1644234375	9.1759e-03	0.0000e+00	0.0000e+00
56170.3913203878	0.608540659722222	-0.608540659722222	2.2697e-03	0.0000e+00	0.0000e+00
56173.6320092434	0.171329375	-0.171329375	6.8508e-03	0.0000e+00	0.0000e+00
56196.7951279039	0.140162337962963	-0.140162337962963	4.7490e-03	0.0000e+00	0.0000e+00
56197.5308525145	0.407195451388889	-0.407195451388889	4.2894e-03	0.0000e+00	0.0000e+00
56199.2275213032	0.772331087962963	-0.772331087962963	2.0543e-03	0.0000e+00	0.0000e+00
56201.036180964	0.906740439814815	-0.906740439814815	1.8887e-03	0.0000e+00	0.0000e+00
56202.8650009374	0.0029309837962963	-0.0029309837962963	2.3521e-02	0.0000e+00	0.0000e+00
56204.4760433412	0.473832349537037	-0.473832349537037	2.0807e-03	0.0000e+00	0.0000e+00
56208.10699936	0.508130671296296	-0.508130671296296	2.8267e-03	0.0000e+00	0.0000e+00
56211.4505400932	0.431968298611111	-0.431968298611111	2.8999e-03	0.0000e+00	0.0000e+00
56212.9820057104	0.775492395833333	-0.775492395833333	2.4730e-03	0.0000e+00	0.0000e+00
56215.1534909034	0.677632002314815	-0.677632002314815	1.7665e-03	0.0000e+00	0.0000e+00
56216.4290198116	0.400010555555556	-0.400010555555556	1.0933e-02	0.0000e+00	0.0000e+00
56217.5938202089	0.107426689814815	-0.107426689814815	5.2829e-03	0.0000e+00	0.0000e+00
56219.9961457027	0.778023032407407	-0.778023032407407	1.3409e-03	0.0000e+00	0.0000e+00
56222.0089375043	0.970775694444444	-0.970775694444444	1.5172e-03	0.0000e+00	0.0000e+00
56223.0579894757	0.0377125694444444	-0.0377125694444444	1.6216e-02	0.0000e+00	0.0000e+00
56224.0236139701	0.00264078703703704	-0.00264078703703704	2.5044e-02	0.0000e+00	0.0000e+00
56226.6704575	0.643881238425926	-0.643881238425926	6.1572e-03	0.0000e+00	0.0000e+00
56229.1428319867	0.427980833333333	-0.427980833333333	1.4187e-02	0.0000e+00	0.0000e+00
56230.4454116585	0.341957025462963	-0.341957025462963	7.6608e-03	0.0000e+00	0.0000e+00
56232.5397874413	0.435767523148148	-0.435767523148148	8.9099e-03	0.0000e+00	0.0000e+00
56234.0137929197	0.975645740740741	-0.975645740740741	2.3491e-02	0.0000e+00	0.0000e+00
56233.0412232669	0.00307608796296296	-0.00307608796296296	3.4448e-02	0.0000e+00	0.0000e+00
56237.4839411751	0.0346618981481482	-0.0346618981481482	3.2278e-02	0.0000e+00	0.0000e+00
56250.0364637183	0.00507844907407407	-0.00507844907407407	1.5764e-02	0.0000e+00	0.0000e+00
56251.8364073365	0.139847164351852	-0.139847164351852	7.5107e-03	0.0000e+00	0.0000e+00
56258.5090874531	0.00327922453703704	-0.00327922453703704	2.0101e-02	0.0000e+00	0.0000e+00
56259.6886888917	0.1063065625	-0.1063065625	6.8687e-03	0.0000e+00	0.0000e+00
56264.2153003286	0.171362210648148	-0.171362210648148	1.3166e-02	0.0000e+00	0.0000e+00
57547.8087218461	0.000319212962962963	-0.000319212962962963	1.3875e-01	0.0000e+00	0.0000e+00
57563.758973022	0.000348240740740741	-0.000348240740740741	1.5900e-01	0.0000e+00	0.0000e+00
57567.7381221401	0.000333726851851852	-0.000333726851851852	3.0363e-01	0.0000e+00	0.0000e+00
57575.766739566	0.000319212962962963	-0.000319212962962963	1.8799e-01	0.0000e+00	0.0000e+00
57579.6321634988	0.000348240740740741	-0.000348240740740741	2.9834e-01	0.0000e+00	0.0000e+00
57585.2653408588	0.000377256944444444	-0.000377256944444444	1.6546e-01	0.0000e+00	0.0000e+00
57599.1781367882	0.000878032407407407	-0.000878032407407407	7.7560e-02	0.0000e+00	0.0000e+00
57603.695020015	0.000879606481481482	-0.000879606481481482	8.8898e-02	0.0000e+00	0.0000e+00
57610.6004976887	0.000348240740740741	-0.000348240740740741	1.3978e-01	0.0000e+00	0.0000e+00
57611.0025659525	0.000435300925925926	-0.000435300925925926	2.0578e-01	0.0000e+00	0.0000e+00
57617.5801378403	0.000348240740740741	-0.000348240740740741	1.6424e-01	0.0000e+00	0.0000e+00
57624.6162064861	0.00027568287037037	-0.00027568287037037	1.6257e-01	0.0000e+00	0.0000e+00
57631.5259780012	0.000348240740740741	-0.000348240740740741	1.2731e-01	0.0000e+00	0.0000e+00
57652.7390164931	0.000362743055555556	-0.000362743055555556	1.1942e-01	0.0000e+00	0.0000e+00
57652.7390164931	0.000362743055555556	-0.000362743055555556	1.1942e-01	0.0000e+00	0.0000e+00
57659.6482498588	0.000348240740740741	-0.000348240740740741	1.4053e-01	0.0000e+00	0.0000e+00
57666.6760148102	0.000333726851851852	-0.000333726851851852	1.9040e-01	0.0000e+00	0.0000e+00
57673.586578581	0.000362743055555556	-0.000362743055555556	1.5550e-01	0.0000e+00	0.0000e+00
57680.7056909039	0.000362743055555556	-0.000362743055555556	1.1647e-01	0.0000e+00	0.0000e+00
57687.4698084236	0.000362743055555556	-0.000362743055555556	1.1529e-01	0.0000e+00	0.0000e+00
57701.8455966111	0.000348240740740741	-0.000348240740740741	1.4999e-01	0.0000e+00	0.0000e+00
57708.4953703102	0.000333726851851852	-0.000333726851851852	1.8318e-01	0.0000e+00	0.0000e+00
57717.3905385833	0.000304710648148148	-0.000304710648148148	2.0110e-01	0.0000e+00	0.0000e+00
57722.770642581	0.00027568287037037	-0.00027568287037037	1.7816e-01	0.0000e+00	0.0000e+00
57729.480638316	0.000348240740740741	-0.000348240740740741	1.7439e-01	0.0000e+00	0.0000e+00
57736.9065403241	0.000377256944444444	-0.000377256944444444	1.1406e-01	0.0000e+00	0.0000e+00
57751.6195527407	0.000348240740740741	-0.000348240740740741	1.6367e-01	0.0000e+00	0.0000e+00
57758.7801211944	0.000362743055555556	-0.000362743055555556	1.2617e-01	0.0000e+00	0.0000e+00
57764.555014647	0.000362743055555556	-0.000362743055555556	1.1573e-01	0.0000e+00	0.0000e+00
57769.9653779363	0.16968	-0.16968	3.8674e-03	0.0000e+00	0.0000e+00
57771.1954608183	0.00242314814814815	-0.00242314814814815	3.2309e-02	0.0000e+00	0.0000e+00
57772.0694982731	0.000362743055555556	-0.000362743055555556	1.1422e-01	0.0000e+00	0.0000e+00
57772.6363723704	0.0404616435185185	-0.0404616435185185	7.5418e-03	0.0000e+00	0.0000e+00
57773.0934656111	0.0347748726851852	-0.0347748726851852	5.6445e-03	0.0000e+00	0.0000e+00
57774.3540538993	0.0339023958333333	-0.0339023958333333	6.8724e-03	0.0000e+00	0.0000e+00
57775.3128503461	0.0709467476851852	-0.0709467476851852	7.1122e-03	0.0000e+00	0.0000e+00
57776.4815116782	0.0411813888888889	-0.0411813888888889	6.8154e-03	0.0000e+00	0.0000e+00
57777.26882375	0.0344221296296296	-0.0344221296296296	9.1288e-03	0.0000e+00	0.0000e+00
57778.8079630787	0.1647309375	-0.1647309375	7.8230e-03	0.0000e+00	0.0000e+00
57778.902506412	0.000348240740740741	-0.000348240740740741	1.1964e-01	0.0000e+00	0.0000e+00
57782.0976954178	0.00692119212962963	-0.00692119212962963	8.2280e-03	0.0000e+00	0.0000e+00
57784.3215334282	0.0386580208333333	-0.0386580208333333	5.7650e-03	0.0000e+00	0.0000e+00
57785.282484875	0.000333726851851852	-0.000333726851851852	1.2518e-01	0.0000e+00	0.0000e+00
57786.3091571794	0.101027384259259	-0.101027384259259	5.7638e-03	0.0000e+00	0.0000e+00
57804.8606202998	0.10164	-0.10164	1.6790e-02	0.0000e+00	0.0000e+00
57806.4907256933	0.000319212962962963	-0.000319212962962963	1.3314e-01	0.0000e+00	0.0000e+00
57808.418195787	0.0676725231481481	-0.0676725231481481	7.1199e-03	0.0000e+00	0.0000e+00
57810.4046603356	0.13121025462963	-0.13121025462963	6.6469e-03	0.0000e+00	0.0000e+00
57819.4673623391	0.369211168981481	-0.369211168981481	1.0184e-02	0.0000e+00	0.0000e+00
57820.3111077905	0.000348240740740741	-0.000348240740740741	1.2304e-01	0.0000e+00	0.0000e+00
57820.898004353	0.00175569444444444	-0.00175569444444444	2.9929e-02	0.0000e+00	0.0000e+00
57821.4928153831	0.468763553240741	-0.468763553240741	8.4776e-03	0.0000e+00	0.0000e+00
57822.057229897	0.0369862847222222	-0.0369862847222222	8.9424e-03	0.0000e+00	0.0000e+00
57823.5308458356	0.0390450115740741	-0.0390450115740741	6.1045e-03	0.0000e+00	0.0000e+00
57826.6655537755	0.000319212962962963	-0.000319212962962963	1.3325e-01	0.0000e+00	0.0000e+00
57834.6405495162	0.000348240740740741	-0.000348240740740741	1.2442e-01	0.0000e+00	0.0000e+00
57835.2423707431	0.00666001157407407	-0.00666001157407407	1.0416e-02	0.0000e+00	0.0000e+00
57836.376639169	0.00298902777777778	-0.00298902777777778	2.8307e-02	0.0000e+00	0.0000e+00
57838.1593734861	0.00565884259259259	-0.00565884259259259	1.8303e-02	0.0000e+00	0.0000e+00
57842.5412633125	0.000377256944444444	-0.000377256944444444	1.1617e-01	0.0000e+00	0.0000e+00
57854.538068184	0.000377256944444444	-0.000377256944444444	1.7376e-01	0.0000e+00	0.0000e+00
57857.119745162	0.00641334490740741	-0.00641334490740741	9.2961e-03	0.0000e+00	0.0000e+00
57860.1070884607	0.00655844907407407	-0.00655844907407407	9.1428e-03	0.0000e+00	0.0000e+00
57861.3119324768	0.000348240740740741	-0.000348240740740741	1.6789e-01	0.0000e+00	0.0000e+00
57863.696962059	0.198503506944444	-0.198503506944444	1.8572e-02	0.0000e+00	0.0000e+00
57866.0751624526	0.00583295138888889	-0.00583295138888889	1.5810e-02	0.0000e+00	0.0000e+00
57868.2838880069	0.000362743055555556	-0.000362743055555556	1.2101e-01	0.0000e+00	0.0000e+00
57869.4695517338	0.403824988425926	-0.403824988425926	1.0145e-02	0.0000e+00	0.0000e+00
57875.7768373333	0.000362743055555556	-0.000362743055555556	1.2189e-01	0.0000e+00	0.0000e+00
57882.6905835914	0.000130590277777778	-0.000130590277777778	3.3518e-01	0.0000e+00	0.0000e+00
57883.8464394711	0.104002326388889	-0.104002326388889	1.0036e-02	0.0000e+00	0.0000e+00
57885.3057356157	0.0363770486111111	-0.0363770486111111	1.0496e-02	0.0000e+00	0.0000e+00
57889.6499633576	0.000333726851851852	-0.000333726851851852	1.3533e-01	0.0000e+00	0.0000e+00
57891.3842039815	0.000957650462962963	-0.000957650462962963	8.9218e-02	0.0000e+00	0.0000e+00
57907.347746206	0.00547020833333333	-0.00547020833333333	1.1283e-02	0.0000e+00	0.0000e+00
57909.2740084514	0.00491883101851852	-0.00491883101851852	1.1470e-02	0.0000e+00	0.0000e+00
57910.3400396887	0.000319212962962963	-0.000319212962962963	1.4101e-01	0.0000e+00	0.0000e+00
57912.9146345359	0.0057894212962963	-0.0057894212962963	1.0237e-02	0.0000e+00	0.0000e+00
57915.9671357384	0.00554275462962963	-0.00554275462962963	1.4791e-02	0.0000e+00	0.0000e+00
57917.3725998218	0.000333726851851852	-0.000333726851851852	1.6142e-01	0.0000e+00	0.0000e+00
57917.3737388032	0.000217650462962963	-0.000217650462962963	2.0496e-01	0.0000e+00	0.0000e+00
57918.2265415463	0.00586201388888889	-0.00586201388888889	1.5568e-02	0.0000e+00	0.0000e+00
57921.3553458137	0.462473969907407	-0.462473969907407	1.2513e-02	0.0000e+00	0.0000e+00
57924.5360575127	0.000333726851851852	-0.000333726851851852	1.3289e-01	0.0000e+00	0.0000e+00
57945.7080009664	0.000377256944444444	-0.000377256944444444	1.2187e-01	0.0000e+00	0.0000e+00
57959.8910497002	0.000362743055555556	-0.000362743055555556	1.2403e-01	0.0000e+00	0.0000e+00
57966.6642178391	0.000333726851851852	-0.000333726851851852	1.3403e-01	0.0000e+00	0.0000e+00
57972.5109178542	0.336043321759259	-0.336043321759259	2.4710e-03	0.0000e+00	0.0000e+00
57973.3895935127	0.101126828703704	-0.101126828703704	7.4711e-03	0.0000e+00	0.0000e+00
57973.776522853	0.000348240740740741	-0.000348240740740741	1.7979e-01	0.0000e+00	0.0000e+00
58008.983116265	0.000348240740740741	-0.000348240740740741	1.4479e-01	0.0000e+00	0.0000e+00
58015.5626968102	0.000362743055555556	-0.000362743055555556	1.9657e-01	0.0000e+00	0.0000e+00
58022.6567085347	0.000377256944444444	-0.000377256944444444	1.1373e-01	0.0000e+00	0.0000e+00
58029.6160039282	0.000841574074074074	-0.000841574074074074	5.4753e-02	0.0000e+00	0.0000e+00
58036.6673014861	0.000362743055555556	-0.000362743055555556	1.7083e-01	0.0000e+00	0.0000e+00
58043.6405388229	0.000319212962962963	-0.000319212962962963	1.5133e-01	0.0000e+00	0.0000e+00
58064.7200049294	0.000319212962962963	-0.000319212962962963	1.3549e-01	0.0000e+00	0.0000e+00
58071.6223340602	0.000333726851851852	-0.000333726851851852	2.1597e-01	0.0000e+00	0.0000e+00
58078.6487486181	0.000348240740740741	-0.000348240740740741	1.5921e-01	0.0000e+00	0.0000e+00
58085.3637508611	0.000362743055555556	-0.000362743055555556	2.3998e-01	0.0000e+00	0.0000e+00
58092.3970718414	0.000362743055555556	-0.000362743055555556	1.4692e-01	0.0000e+00	0.0000e+00
58114.7899215289	0.000333726851851852	-0.000333726851851852	2.0178e-01	0.0000e+00	0.0000e+00
58127.6736796586	0.000333726851851852	-0.000333726851851852	1.2607e-01	0.0000e+00	0.0000e+00
58134.7836183576	0.000319224537037037	-0.000319224537037037	1.3596e-01	0.0000e+00	0.0000e+00
58141.4870492558	0.000333726851851852	-0.000333726851851852	1.2475e-01	0.0000e+00	0.0000e+00
58148.7810058947	0.000348240740740741	-0.000348240740740741	1.1997e-01	0.0000e+00	0.0000e+00
58169.5270467488	0.000319212962962963	-0.000319212962962963	1.3282e-01	0.0000e+00	0.0000e+00
58176.366886581	0.000362743055555556	-0.000362743055555556	1.1677e-01	0.0000e+00	0.0000e+00
58183.6049640405	0.000333726851851852	-0.000333726851851852	1.7017e-01	0.0000e+00	0.0000e+00
58190.4370353079	0.000348240740740741	-0.000348240740740741	1.2348e-01	0.0000e+00	0.0000e+00
58197.663180059	0.000333726851851852	-0.000333726851851852	1.2858e-01	0.0000e+00	0.0000e+00
58218.8680837431	0.000377256944444444	-0.000377256944444444	1.1631e-01	0.0000e+00	0.0000e+00
58225.2497694792	0.000333726851851852	-0.000333726851851852	1.2725e-01	0.0000e+00	0.0000e+00
58232.2696931979	0.000362743055555556	-0.000362743055555556	1.1682e-01	0.0000e+00	0.0000e+00
58239.1920028669	0.000348240740740741	-0.000348240740740741	1.6373e-01	0.0000e+00	0.0000e+00
58246.158944838	0.000319212962962963	-0.000319212962962963	1.9935e-01	0.0000e+00	0.0000e+00
58253.7166912974	0.000333726851851852	-0.000333726851851852	1.3200e-01	0.0000e+00	0.0000e+00
58268.2896325856	0.000348240740740741	-0.000348240740740741	1.3360e-01	0.0000e+00	0.0000e+00
58281.1629741944	0.000348240740740741	-0.000348240740740741	1.6523e-01	0.0000e+00	0.0000e+00
58288.2729305729	0.000362743055555556	-0.000362743055555556	1.1877e-01	0.0000e+00	0.0000e+00
58302.6029809074	0.000319212962962963	-0.000319212962962963	1.3394e-01	0.0000e+00	0.0000e+00
58323.1999522083	0.000362743055555556	-0.000362743055555556	1.6725e-01	0.0000e+00	0.0000e+00
58330.1899098472	0.000362743055555556	-0.000362743055555556	1.2291e-01	0.0000e+00	0.0000e+00
58344.3750279664	0.00027568287037037	-0.00027568287037037	2.2156e-01	0.0000e+00	0.0000e+00
58351.5437300486	0.000319212962962963	-0.000319212962962963	1.3703e-01	0.0000e+00	0.0000e+00
58372.9485853507	0.000362743055555556	-0.000362743055555556	1.2305e-01	0.0000e+00	0.0000e+00
58379.5878012373	0.000333726851851852	-0.000333726851851852	2.6239e-01	0.0000e+00	0.0000e+00
58386.4333889514	0.000348240740740741	-0.000348240740740741	1.2526e-01	0.0000e+00	0.0000e+00
58393.5170875694	0.000333726851851852	-0.000333726851851852	1.3745e-01	0.0000e+00	0.0000e+00
58400.5601474826	0.000348240740740741	-0.000348240740740741	1.2530e-01	0.0000e+00	0.0000e+00
58407.3906379039	0.000333726851851852	-0.000333726851851852	1.3086e-01	0.0000e+00	0.0000e+00
58422.7606230255	0.00576040509259259	-0.00576040509259259	1.3737e-02	0.0000e+00	0.0000e+00
58425.688070419	0.0700016550925926	-0.0700016550925926	1.6346e-02	0.0000e+00	0.0000e+00
58510.4300038808	0.1037509375	-0.1037509375	5.6459e-03	0.0000e+00	0.0000e+00
58533.4561118565	0.000319212962962963	-0.000319212962962963	1.3226e-01	0.0000e+00	0.0000e+00
58540.1643350093	0.000319212962962963	-0.000319212962962963	1.3087e-01	0.0000e+00	0.0000e+00
58547.1411009676	0.000333726851851852	-0.000333726851851852	1.2620e-01	0.0000e+00	0.0000e+00
58554.1626794618	0.000333726851851852	-0.000333726851851852	1.2582e-01	0.0000e+00	0.0000e+00
58561.3338778449	0.000333726851851852	-0.000333726851851852	1.2644e-01	0.0000e+00	0.0000e+00
58575.2462300671	0.000319212962962963	-0.000319212962962963	1.9644e-01	0.0000e+00	0.0000e+00
58582.2010931076	0.000362743055555556	-0.000362743055555556	1.5616e-01	0.0000e+00	0.0000e+00
58589.4408675428	0.000362743055555556	-0.000362743055555556	1.5515e-01	0.0000e+00	0.0000e+00
58596.1987965498	0.000319212962962963	-0.000319212962962963	1.3187e-01	0.0000e+00	0.0000e+00
58610.5322109907	0.000348240740740741	-0.000348240740740741	3.4464e-01	0.0000e+00	0.0000e+00
58631.2177135729	0.000333726851851852	-0.000333726851851852	1.3141e-01	0.0000e+00	0.0000e+00
58640.0326699444	0.000362743055555556	-0.000362743055555556	1.1581e-01	0.0000e+00	0.0000e+00
58645.6061700012	0.000362743055555556	-0.000362743055555556	1.1622e-01	0.0000e+00	0.0000e+00
58652.6554704352	0.000362743055555556	-0.000362743055555556	1.1841e-01	0.0000e+00	0.0000e+00
58687.5854100174	0.000362743055555556	-0.000362743055555556	1.8988e-01	0.0000e+00	0.0000e+00
58694.5508752303	0.000362743055555556	-0.000362743055555556	1.2170e-01	0.0000e+00	0.0000e+00
58701.6431458831	0.000362743055555556	-0.000362743055555556	1.6773e-01	0.0000e+00	0.0000e+00
58730.9509962523	0.000319212962962963	-0.000319212962962963	1.3744e-01	0.0000e+00	0.0000e+00
58750.5898136412	0.000261180555555556	-0.000261180555555556	3.1336e-01	0.0000e+00	0.0000e+00
58764.3942102083	0.000623923611111111	-0.000623923611111111	1.1770e-01	0.0000e+00	0.0000e+00
58792.6351675752	0.000319212962962963	-0.000319212962962963	1.3424e-01	0.0000e+00	0.0000e+00
58799.7421916493	0.00056587962962963	-0.00056587962962963	7.8409e-02	0.0000e+00	0.0000e+00
58806.3625277245	0.000217650462962963	-0.000217650462962963	1.9644e-01	0.0000e+00	0.0000e+00
58813.2624874306	0.000348240740740741	-0.000348240740740741	1.2591e-01	0.0000e+00	0.0000e+00
58835.793271522	0.000319212962962963	-0.000319212962962963	2.4420e-01	0.0000e+00	0.0000e+00
58855.3707886308	0.000319212962962963	-0.000319212962962963	1.3200e-01	0.0000e+00	0.0000e+00
58862.4061516262	0.000362743055555556	-0.000362743055555556	1.1541e-01	0.0000e+00	0.0000e+00
58870.2303183727	0.000217650462962963	-0.000217650462962963	1.9094e-01	0.0000e+00	0.0000e+00
58890.0302430255	0.000319212962962963	-0.000319212962962963	1.3719e-01	0.0000e+00	0.0000e+00
58897.06316264	0.000145092592592593	-0.000145092592592593	2.8417e-01	0.0000e+00	0.0000e+00
58904.0998315498	0.000304710648148148	-0.000304710648148148	1.4214e-01	0.0000e+00	0.0000e+00
58911.2080192905	0.000319212962962963	-0.000319212962962963	1.3251e-01	0.0000e+00	0.0000e+00
58918.7072143727	0.000348240740740741	-0.000348240740740741	1.2051e-01	0.0000e+00	0.0000e+00
58939.3814579387	0.000348240740740741	-0.000348240740740741	1.2230e-01	0.0000e+00	0.0000e+00
58953.4442943206	0.000319212962962963	-0.000319212962962963	1.3161e-01	0.0000e+00	0.0000e+00
58960.9252184491	0.000319212962962963	-0.000319212962962963	1.3305e-01	0.0000e+00	0.0000e+00
58994.8701006273	0.000348240740740741	-0.000348240740740741	1.2201e-01	0.0000e+00	0.0000e+00
59002.17387714	0.000333726851851852	-0.000333726851851852	1.2712e-01	0.0000e+00	0.0000e+00
59009.7951038067	0.000333726851851852	-0.000333726851851852	1.2675e-01	0.0000e+00	0.0000e+00
59016.8398370891	0.000348240740740741	-0.000348240740740741	1.2132e-01	0.0000e+00	0.0000e+00
59023.7982335312	0.000362743055555556	-0.000362743055555556	1.1693e-01	0.0000e+00	0.0000e+00
59044.8089629363	0.000362743055555556	-0.000362743055555556	1.2127e-01	0.0000e+00	0.0000e+00
59052.7716129919	0.000348240740740741	-0.000348240740740741	1.2898e-01	0.0000e+00	0.0000e+00
59059.9910207986	0.000319212962962963	-0.000319212962962963	1.4217e-01	0.0000e+00	0.0000e+00
59065.5702123032	0.000362743055555556	-0.000362743055555556	1.1968e-01	0.0000e+00	0.0000e+00
59100.7047976019	0.000348240740740741	-0.000348240740740741	1.2618e-01	0.0000e+00	0.0000e+00
59114.2956488796	0.000362743055555556	-0.000362743055555556	1.3075e-01	0.0000e+00	0.0000e+00
59121.4061779792	0.000290196759259259	-0.000290196759259259	2.7735e-01	0.0000e+00	0.0000e+00
59128.304448537	0.000362743055555556	-0.000362743055555556	1.1927e-01	0.0000e+00	0.0000e+00
59142.6732651493	0.000362743055555556	-0.000362743055555556	1.1694e-01	0.0000e+00	0.0000e+00
59149.4304769919	0.000290196759259259	-0.000290196759259259	1.4708e-01	0.0000e+00	0.0000e+00
59157.4658007349	0.000348240740740741	-0.000348240740740741	1.2349e-01	0.0000e+00	0.0000e+00
59170.1279899907	0.000362743055555556	-0.000362743055555556	1.1688e-01	0.0000e+00	0.0000e+00
59177.9599070208	0.000362743055555556	-0.000362743055555556	1.1772e-01	0.0000e+00	0.0000e+00
59199.4991171412	0.000348240740740741	-0.000348240740740741	1.2123e-01	0.0000e+00	0.0000e+00
59212.5039566759	0.00056587962962963	-0.00056587962962963	7.4909e-02	0.0000e+00	0.0000e+00
59226.0212338495	0.000304710648148148	-0.000304710648148148	1.3780e-01	0.0000e+00	0.0000e+00
59247.1527564653	0.000217650462962963	-0.000217650462962963	1.9229e-01	0.0000e+00	0.0000e+00
59254.2503345903	0.000246666666666667	-0.000246666666666667	1.8058e-01	0.0000e+00	0.0000e+00
59261.1518100764	0.000304710648148148	-0.000304710648148148	1.3918e-01	0.0000e+00	0.0000e+00
59268.1888690231	0.000333726851851852	-0.000333726851851852	1.2640e-01	0.0000e+00	0.0000e+00
59282.0409876551	0.000261180555555556	-0.000261180555555556	1.6081e-01	0.0000e+00	0.0000e+00
59296.5536916597	0.000827060185185185	-0.000827060185185185	5.5513e-02	0.0000e+00	0.0000e+00
59310.1455712593	0.000362743055555556	-0.000362743055555556	1.1517e-01	0.0000e+00	0.0000e+00
59317.1746303322	0.000348240740740741	-0.000348240740740741	1.2246e-01	0.0000e+00	0.0000e+00
59331.0290294815	0.000333726851851852	-0.000333726851851852	1.2605e-01	0.0000e+00	0.0000e+00
59352.1757246331	0.000333726851851852	-0.000333726851851852	2.8607e-01	0.0000e+00	0.0000e+00
59359.3310289722	0.000319212962962963	-0.000319212962962963	2.6091e-01	0.0000e+00	0.0000e+00
59366.7650449398	0.000333726851851852	-0.000333726851851852	1.2725e-01	0.0000e+00	0.0000e+00
59373.7839769039	0.000333726851851852	-0.000333726851851852	1.2793e-01	0.0000e+00	0.0000e+00
59401.2903744792	0.000246666666666667	-0.000246666666666667	1.7620e-01	0.0000e+00	0.0000e+00
59415.8225958831	0.000667453703703704	-0.000667453703703704	1.1157e-01	0.0000e+00	0.0000e+00
59422.9801041308	0.000333726851851852	-0.000333726851851852	1.3363e-01	0.0000e+00	0.0000e+00
59436.905686169	0.000333726851851852	-0.000333726851851852	1.7912e-01	0.0000e+00	0.0000e+00
59457.1722270417	0.000333726851851852	-0.000333726851851852	1.3262e-01	0.0000e+00	0.0000e+00
59464.532061309	0.000319212962962963	-0.000319212962962963	1.3819e-01	0.0000e+00	0.0000e+00
59471.7041658866	0.000333726851851852	-0.000333726851851852	1.3485e-01	0.0000e+00	0.0000e+00
59479.9249281748	0.000304710648148148	-0.000304710648148148	2.4353e-01	0.0000e+00	0.0000e+00
59499.1886403831	0.000333726851851852	-0.000333726851851852	1.2863e-01	0.0000e+00	0.0000e+00
59506.7484748808	0.000319212962962963	-0.000319212962962963	1.3643e-01	0.0000e+00	0.0000e+00
59520.4164811609	0.000319212962962963	-0.000319212962962963	1.3309e-01	0.0000e+00	0.0000e+00
59527.3109804583	0.000333726851851852	-0.000333726851851852	1.2756e-01	0.0000e+00	0.0000e+00
59534.3411537373	0.000333726851851852	-0.000333726851851852	1.7091e-01	0.0000e+00	0.0000e+00
59555.7181341181	0.000333726851851852	-0.000333726851851852	1.2855e-01	0.0000e+00	0.0000e+00
59569.256461309	0.000319212962962963	-0.000319212962962963	1.7909e-01	0.0000e+00	0.0000e+00
59576.2173946331	0.000333726851851852	-0.000333726851851852	1.2745e-01	0.0000e+00	0.0000e+00
59583.1864777384	0.000304143518518518	-0.000304143518518518	4.8287e-01	0.0000e+00	0.0000e+00
59660.5711738588	0.000290196759259259	-0.000290196759259259	1.4585e-01	0.0000e+00	0.0000e+00
59667.9856187789	0.000304710648148148	-0.000304710648148148	1.3819e-01	0.0000e+00	0.0000e+00
59674.2829364514	0.00027568287037037	-0.00027568287037037	1.5548e-01	0.0000e+00	0.0000e+00
59681.4526627743	0.00017412037037037	-0.00017412037037037	2.4312e-01	0.0000e+00	0.0000e+00
59709.0547288634	0.000246666666666667	-0.000246666666666667	2.3129e-01	0.0000e+00	0.0000e+00
59716.0100093727	0.000217650462962963	-0.000217650462962963	2.2111e-01	0.0000e+00	0.0000e+00
59723.0441098935	0.000246666666666667	-0.000246666666666667	1.7499e-01	0.0000e+00	0.0000e+00
59730.0698575093	0.000246666666666667	-0.000246666666666667	2.3146e-01	0.0000e+00	0.0000e+00
59737.479491169	0.000290196759259259	-0.000290196759259259	1.4711e-01	0.0000e+00	0.0000e+00
59772.0448014213	0.000290196759259259	-0.000290196759259259	1.4953e-01	0.0000e+00	0.0000e+00
59779.0104095347	0.000304710648148148	-0.000304710648148148	4.1747e-01	0.0000e+00	0.0000e+00
59786.5678049178	0.000290196759259259	-0.000290196759259259	1.5080e-01	0.0000e+00	0.0000e+00
59793.579293169	0.000261180555555556	-0.000261180555555556	1.7352e-01	0.0000e+00	0.0000e+00
59814.9415849711	0.000290196759259259	-0.000290196759259259	1.4973e-01	0.0000e+00	0.0000e+00
59822.9026773322	0.000304710648148148	-0.000304710648148148	1.4558e-01	0.0000e+00	0.0000e+00
59828.933121103	0.000290196759259259	-0.000290196759259259	1.5157e-01	0.0000e+00	0.0000e+00
59842.7094335208	0.000304710648148148	-0.000304710648148148	1.4372e-01	0.0000e+00	0.0000e+00
59871.5613089815	0.000203136574074074	-0.000203136574074074	3.6819e-01	0.0000e+00	0.0000e+00
59884.2116455498	0.000304710648148148	-0.000304710648148148	1.4050e-01	0.0000e+00	0.0000e+00
59891.236094669	0.000319212962962963	-0.000319212962962963	1.3382e-01	0.0000e+00	0.0000e+00
59919.4008692593	0.000290196759259259	-0.000290196759259259	2.5958e-01	0.0000e+00	0.0000e+00
59926.356969257	0.000304710648148148	-0.000304710648148148	1.4398e-01	0.0000e+00	0.0000e+00
59933.3040837454	0.00027568287037037	-0.00027568287037037	1.5750e-01	0.0000e+00	0.0000e+00
59940.3191339745	0.000159606481481481	-0.000159606481481481	2.6457e-01	0.0000e+00	0.0000e+00
59947.2873525602	0.000478819444444444	-0.000478819444444444	8.7957e-02	0.0000e+00	0.0000e+00
59961.7428272431	0.000290196759259259	-0.000290196759259259	1.4734e-01	0.0000e+00	0.0000e+00
59968.4928310602	0.000290196759259259	-0.000290196759259259	1.4775e-01	0.0000e+00	0.0000e+00
59975.4432136042	0.000304710648148148	-0.000304710648148148	1.3882e-01	0.0000e+00	0.0000e+00
59982.4575382662	0.00027568287037037	-0.00027568287037037	1.5311e-01	0.0000e+00	0.0000e+00
59989.4788012384	0.00027568287037037	-0.00027568287037037	1.5218e-01	0.0000e+00	0.0000e+00
60017.4866202106	0.000304710648148148	-0.000304710648148148	2.0324e-01	0.0000e+00	0.0000e+00
60024.2468141424	0.000290196759259259	-0.000290196759259259	1.4534e-01	0.0000e+00	0.0000e+00
60031.3208685405	0.000290196759259259	-0.000290196759259259	1.4703e-01	0.0000e+00	0.0000e+00
60038.7801958993	0.000203136574074074	-0.000203136574074074	2.0619e-01	0.0000e+00	0.0000e+00
60045.7955861516	0.000304710648148148	-0.000304710648148148	1.8235e-01	0.0000e+00	0.0000e+00
60066.2538065116	0.000348240740740741	-0.000348240740740741	1.2555e-01	0.0000e+00	0.0000e+00
60073.2062396458	0.000304710648148148	-0.000304710648148148	1.3948e-01	0.0000e+00	0.0000e+00
60080.1398430336	0.000145092592592593	-0.000145092592592593	3.0028e-01	0.0000e+00	0.0000e+00
60087.5319392002	0.000290196759259259	-0.000290196759259259	1.6179e-01	0.0000e+00	0.0000e+00
60094.8062612454	0.000304710648148148	-0.000304710648148148	1.3945e-01	0.0000e+00	0.0000e+00
60101.8151154664	0.00027568287037037	-0.00027568287037037	1.5450e-01	0.0000e+00	0.0000e+00
60129.3410537951	0.000217650462962963	-0.000217650462962963	1.9756e-01	0.0000e+00	0.0000e+00
60178.5029785	0.000290196759259259	-0.000290196759259259	1.4188e-01	0.0000e+00	0.0000e+00
60185.8412384606	0.000362743055555556	-0.000362743055555556	1.2241e-01	0.0000e+00	0.0000e+00
60193.7446798819	0.000304710648148148	-0.000304710648148148	1.4250e-01	0.0000e+00	0.0000e+00
60220.5217383692	0.000101574074074074	-0.000101574074074074	4.9759e-01	0.0000e+00	0.0000e+00
60220.7883549664	0.00027568287037037	-0.00027568287037037	2.0981e-01	0.0000e+00	0.0000e+00
60227.7274062118	0.000304710648148148	-0.000304710648148148	1.8523e-01	0.0000e+00	0.0000e+00
60234.7868267859	0.000232152777777778	-0.000232152777777778	1.8527e-01	0.0000e+00	0.0000e+00
60241.63895236	0.000304710648148148	-0.000304710648148148	1.8785e-01	0.0000e+00	0.0000e+00
60248.8366178993	0.000507847222222222	-0.000507847222222222	1.1224e-01	0.0000e+00	0.0000e+00
60269.9115751887	0.000362743055555556	-0.000362743055555556	2.3037e-01	0.0000e+00	0.0000e+00
60276.9041714687	0.000290196759259259	-0.000290196759259259	1.6314e-01	0.0000e+00	0.0000e+00
60290.1352866319	0.000943136574074074	-0.000943136574074074	5.0834e-02	0.0000e+00	0.0000e+00
60297.4639510833	0.000246666666666667	-0.000246666666666667	2.6339e-01	0.0000e+00	0.0000e+00
60304.9745782072	0.000261180555555556	-0.000261180555555556	2.1954e-01	0.0000e+00	0.0000e+00
60332.1554527847	0.000290196759259259	-0.000290196759259259	1.4479e-01	0.0000e+00	0.0000e+00
