 ! Swift/XRT detailed lightcurve of trigger: 10336, name: Swift J0243.66124
 ! T0 for this burst is Swift MET=528690141.6006 s, = 2017 Oct 03 at 02:22:01.820 UT

 ! Data covers 0.3-10 keV
 ! For details of light-curve production, see Evans et al. 2007, A&A, 469, 379
 ! BINMODE: 
!MJD    	T_+ve   	T_-ve   	Rate    	Ratepos 	Rateneg 	BGrate  	BGerr   	FracExp
! WT data
58029.1844500567	0.0708487962962963	-0.0708487962962963	1.420849e+01	8.685247e-02	-8.375073e-02	2.439643e-01	7.957236e-03	0.245843
58031.7008286574	0.137837650462963	-0.137837650462963	3.199895e+01	6.789494e-01	-6.662458e-01	4.032327e-01	1.204351e-02	0.077192
58032.0698170486	0.0382478009259259	-0.0382478009259259	3.944891e+01	1.431416e-01	-1.432003e-01	4.202556e-01	1.180661e-02	0.326630
58033.3591551701	0.0100391898148148	-0.0100391898148148	4.588809e+01	6.232637e+00	-5.769700e+00	7.419764e-01	1.657040e-02	1.000000
58034.3501087002	0.00453430555555556	-0.00453430555555556	7.910089e+01	3.352347e-01	-3.353561e-01	7.923327e-01	2.690903e-02	1.000000
58035.2830845336	0.403461678240741	-0.403461678240741	1.016407e+02	6.278483e-01	-7.614077e-01	1.243240e+00	1.985693e-02	0.037022
58036.4858781852	0.00482990740740741	-0.00482990740740741	1.384609e+02	1.339347e+00	-6.671882e-01	1.602636e+00	3.460359e-02	0.999997
58037.5096434514	0.0338794444444444	-0.0338794444444444	1.901849e+02	7.138475e+00	-1.215951e+00	1.719298e+00	2.399982e-02	0.365522
58038.5036132396	0.0329488888888889	-0.0329488888888889	2.034140e+02	1.463541e+01	-1.524317e+01	2.172423e+00	2.614343e-02	0.347969
58040.1423015498	0.8005309375	-0.8005309375	3.047375e+02	9.301542e+00	-2.019999e+00	2.520061e+00	3.716435e-02	0.008538
58041.6302690104	0.0396262731481482	-0.0396262731481482	3.589244e+02	3.033390e+01	-5.760015e+01	3.063895e+00	2.910219e-02	0.300033
58042.395207066	0.467755960648148	-0.467755960648148	3.720325e+02	1.590779e+01	-5.144495e+00	3.248416e+00	1.823198e-02	0.068231
58044.4859137269	0.0437243055555556	-0.0437243055555556	4.366917e+02	1.194159e+01	-1.815862e+00	3.312119e+00	3.005063e-02	0.278714
58048.896663581	0.0100391550925926	-0.0100391550925926	5.925197e+02	2.390945e+01	-1.005830e+01	5.148409e+00	3.873832e-02	0.999996
58050.9521344688	0.00943158564814815	-0.00943158564814815	7.749175e+02	1.400303e+01	-2.675163e+00	6.058533e+00	4.174924e-02	0.999998
58052.1736728368	0.0311441203703704	-0.0311441203703704	9.207672e+02	7.883263e+01	-8.973674e+01	7.672896e+00	4.382867e-02	0.373482
58052.5582547546	0.265109780092593	-0.265109780092593	1.140674e+03	1.790573e+01	-1.578140e+01	6.710040e+00	5.501696e-02	0.021642
58056.4650117257	0.00834331018518518	-0.00834331018518518	1.858155e+03	1.530373e+01	-1.850686e+01	9.037930e+00	4.745906e-02	0.999999
58058.3893088519	0.00836087962962963	-0.00836087962962963	2.797199e+03	1.488299e+01	-1.066535e+01	8.459690e+00	3.802348e-02	1.000000
58060.5922656308	0.00193638888888889	-0.00193638888888889	3.318802e+03	2.784338e+01	-2.377374e+01	9.535523e+00	8.717424e-02	1.000000
58061.2498005845	0.00552255787037037	-0.00552255787037037	3.651620e+03	2.892350e+01	-1.804846e+01	1.227290e+01	5.345955e-02	1.000000
58062.7094775127	0.536800775462963	-0.536800775462963	3.934133e+03	4.571847e+01	-2.521513e+02	9.618780e+00	3.283759e-02	0.020483
58066.9309772975	0.0361294560185185	-0.0361294560185185	3.423068e+03	2.391390e+01	-1.456505e+01	1.180795e+01	5.093232e-02	0.169127
58067.1539435822	0.00624866898148148	-0.00624866898148148	3.073100e+03	7.086993e+02	-6.302084e+02	1.260969e+01	5.369813e-02	1.000000
58070.4121437824	0.00633541666666667	-0.00633541666666667	2.280785e+03	2.260870e+01	-2.375810e+01	1.049251e+01	5.194121e-02	0.999999
58072.402902412	0.0059002662037037	-0.0059002662037037	2.124591e+03	2.041054e+01	-1.913244e+01	1.218506e+01	6.179264e-02	0.999999
58080.9172532072	0.00196613425925926	-0.00196613425925926	8.107619e+02	1.889013e+01	-4.916891e+00	8.923889e+00	1.123057e-01	1.000000
58082.57832789	0.00524460648148148	-0.00524460648148148	7.604082e+02	1.398696e+01	-3.321680e+00	7.655473e+00	6.212884e-02	1.000000
58084.5044310347	0.00572789351851852	-0.00572789351851852	7.946175e+02	6.827185e+00	-3.337018e+00	5.906830e+00	5.221153e-02	1.000000
58086.2892299884	9.86805555555555e-05	-9.86805555555555e-05	8.654905e+02	3.167381e+01	-2.725338e+01	8.955055e+00	5.792544e-01	1.000000
58088.6250558299	0.0059593287037037	-0.0059593287037037	5.565541e+02	8.535155e+00	-2.112072e+00	6.254604e+00	6.156571e-02	0.999996
58090.1447061308	0.00575577546296296	-0.00575577546296296	5.246701e+02	1.121290e+01	-3.067639e+00	5.745104e+00	5.472769e-02	1.000000
58092.7030799074	0.0348817708333333	-0.0348817708333333	4.649003e+02	1.099707e+01	-7.193896e+00	5.061739e+00	6.275419e-02	0.117477
58094.0934349653	0.0375845717592593	-0.0375845717592593	4.052480e+02	1.558022e+00	-1.142315e+00	4.660846e+00	3.812943e-02	0.272544
58096.5014558831	0.103174525462963	-0.103174525462963	3.979118e+02	1.418342e+00	-1.409559e+00	5.322378e+00	5.692464e-02	0.061661
58098.2515608831	0.00260194444444444	-0.00260194444444444	4.038049e+02	2.355682e+00	-2.350246e+00	4.794680e+00	8.267919e-02	1.000000
58100.9770805741	0.00532274305555556	-0.00532274305555556	2.973138e+02	1.146098e+00	-1.140032e+00	3.844773e+00	5.379541e-02	1.000000
58102.4381753727	0.335169976851852	-0.335169976851852	3.369976e+02	1.520922e+00	-1.515054e+00	3.685254e+00	5.557625e-02	0.012786
58106.9499771238	0.00465726851851852	-0.00465726851851852	2.434432e+02	9.140550e-01	-9.089553e-01	3.799477e+00	5.505332e-02	1.000000
58108.5789192141	0.0353956597222222	-0.0353956597222222	2.940874e+02	1.029452e+00	-1.022841e+00	3.257482e+00	4.416950e-02	0.185583
58111.5900937326	0.00619087962962963	-0.00619087962962963	2.623402e+02	1.030448e+00	-1.025196e+00	3.728326e+00	5.112575e-02	1.000000
58114.1805543299	0.00671165509259259	-0.00671165509259259	2.311801e+02	7.924589e-01	-7.871514e-01	3.089021e+00	4.372910e-02	1.000000
58117.3678711968	0.00619082175925926	-0.00619082175925926	2.139118e+02	7.980361e-01	-7.935259e-01	3.119095e+00	4.604865e-02	1.000000
58120.431374419	0.00520329861111111	-0.00520329861111111	2.223388e+02	8.870372e-01	-8.826552e-01	2.701213e+00	4.644854e-02	1.000000
58131.7307152604	0.0676468634259259	-0.0676468634259259	1.500600e+02	5.240593e-01	-5.206781e-01	2.114279e+00	3.904633e-02	0.088694
58132.2306713252	0.0350449537037037	-0.0350449537037037	1.513627e+02	5.988145e-01	-5.958060e-01	2.373524e+00	4.394661e-02	0.157437
58135.3583631563	0.0337301967592593	-0.0337301967592593	1.174403e+02	4.141669e-01	-4.115466e-01	1.875817e+00	4.206036e-02	0.145442
58138.5015238553	0.00656699074074074	-0.00656699074074074	1.164158e+02	3.842874e-01	-3.815112e-01	1.854238e+00	3.684239e-02	0.999998
58141.423525978	0.133840162037037	-0.133840162037037	9.463746e+01	5.226843e-01	-5.213386e-01	1.645118e+00	5.679576e-02	0.017600
58144.7444945243	0.00595938657407407	-0.00595938657407407	8.979458e+01	3.214057e-01	-3.194319e-01	1.527220e+00	3.405615e-02	1.000000
58147.6062537072	0.00601717592592593	-0.00601717592592593	7.967142e+01	3.097977e-01	-3.081864e-01	1.425998e+00	3.339840e-02	1.000000
58150.652777809	0.00598825231481481	-0.00598825231481481	5.896196e+01	2.610708e-01	-2.600242e-01	1.157719e+00	3.078777e-02	1.000000
58153.0420367396	0.00561115740740741	-0.00561115740740741	4.787823e+01	2.463153e-01	-2.455843e-01	1.022531e+00	2.928698e-02	1.000000
58156.5607007928	0.00572694444444444	-0.00572694444444444	3.754389e+01	2.084722e-01	-2.079411e-01	5.592021e-01	1.958800e-02	1.000000
58162.0082027951	0.00472928240740741	-0.00472928240740741	2.524024e+01	1.884898e-01	-1.882246e-01	4.459462e-01	2.065806e-02	1.000000
58164.4024496979	0.26884099537037	-0.26884099537037	2.072953e+01	1.495915e-01	-1.493660e-01	4.152177e-01	1.751490e-02	0.022950
58165.4299215845	0.301771875	-0.301771875	1.997864e+01	1.287544e-01	-1.285110e-01	4.063244e-01	1.515334e-02	0.026538
58166.1287448137	0.0057241087962963	-0.0057241087962963	1.899084e+01	1.518322e-01	-1.516458e-01	4.719513e-01	2.010580e-02	1.000000
58168.0469852581	0.465978483796296	-0.465978483796296	1.686825e+01	1.034981e-01	-1.032822e-01	3.043228e-01	1.044433e-02	0.023526
58170.7676311308	0.0689300231481482	-0.0689300231481482	1.067746e+01	1.290965e-01	-1.290272e-01	2.710322e-01	1.351786e-02	0.079941
58172.1667060845	0.00595460648148148	-0.00595460648148148	9.373588e+00	1.128337e-01	-1.127726e-01	2.526834e-01	1.255594e-02	1.000000
58174.0594727778	0.0350802199074074	-0.0350802199074074	6.257730e+00	1.371603e-01	-1.371379e-01	1.709316e-01	1.726670e-02	0.064221
58184.3980157604	0.000116458333333333	-0.000116458333333333	5.347626e+00	7.943108e-01	-7.943080e-01	2.601188e-01	9.196587e-02	1.000000
58186.0577556678	0.000344918981481481	-0.000344918981481481	5.624135e+00	3.663692e-01	-3.663624e-01	2.154182e-01	4.816897e-02	1.000000
58193.0626443519	0.0331279976851852	-0.0331279976851852	4.129718e+00	3.931536e-01	-3.931502e-01	2.465956e-01	7.435138e-02	0.005723
58211.5502452292	0.0716301736111111	-0.0716301736111111	3.168063e+00	2.559712e-01	-2.559681e-01	9.258358e-02	3.499330e-02	0.004544
58213.4420753044	0.427206041666667	-0.427206041666667	5.131360e+00	1.310676e-01	-1.310518e-01	2.433151e-01	2.259124e-02	0.004884
58214.6330607442	0.430468449074074	-0.430468449074074	7.232674e+00	2.881277e-01	-2.881135e-01	1.091476e-01	2.818178e-02	0.001359
58217.7304750162	0.143590231481481	-0.143590231481481	1.030386e+01	7.122456e-02	-7.110754e-02	2.384614e-01	8.667027e-03	0.094861
58219.7210121632	0.203041388888889	-0.203041388888889	1.238695e+01	8.427219e-02	-8.412926e-02	2.389965e-01	9.267888e-03	0.057109
58221.1783168391	0.00615802083333333	-0.00615802083333333	1.164290e+01	1.115488e-01	-1.114534e-01	2.208928e-01	1.299369e-02	1.000000
58294.7765661968	0.000400613425925926	-0.000400613425925926	5.059435e+00	2.971583e-01	-2.971516e-01	1.298306e-01	3.469868e-02	1.000000
58299.6662319907	0.034890787037037	-0.034890787037037	1.429751e+01	1.047916e-01	-1.046385e-01	2.562441e-01	1.113053e-02	0.252331
58302.9183101528	0.0363121180555556	-0.0363121180555556	2.515193e+01	1.349778e-01	-1.346097e-01	3.104447e-01	1.171698e-02	0.250005
58504.453848419	0.00283342592592593	-0.00283342592592593	5.903550e+01	3.707983e-01	-3.700604e-01	8.043603e-01	3.339925e-02	1.000000
58506.9661506088	0.00300796296296296	-0.00300796296296296	5.342323e+01	3.423453e-01	-3.416908e-01	8.154878e-01	3.502820e-02	1.000000
58508.948473191	0.00318489583333333	-0.00318489583333333	4.825588e+01	3.156920e-01	-3.151129e-01	7.360823e-01	3.234160e-02	1.000000
! WT upper limits
58042.3676162188	0.0380915162037037	-0.0380915162037037	9.6447e-03	0.0000e+00	0.0000e+00	0.0000e+00	0.0000e+00	0.4978
58168.1214813113	0.00604530092592593	-0.00604530092592593	6.3463e-03	0.0000e+00	0.0000e+00	0.0000e+00	0.0000e+00	1.0000
! PC data
58029.3417254734	0.0289821990740741	-0.0289821990740741	2.595146e+01	2.749253e+00	-2.749253e+00	3.709990e-04	1.367521e-05	0.241812
58029.4469172211	0.0077627662037037	-0.0077627662037037	1.065713e+02	1.783656e+01	-1.783656e+01	1.123700e-04	3.938567e-06	1.000000
58080.9578605683	0.0384158449074074	-0.0384158449074074	1.871118e+01	5.799931e-01	-5.799931e-01	1.212578e-01	4.193588e-04	0.280634
58081.7493527211	0.0371855555555556	-0.0371855555555556	2.667776e+01	7.558963e-01	-7.558963e-01	9.708386e-02	3.417704e-04	0.302406
58162.0025221817	0.000435289351851852	-0.000435289351851852	3.249891e+01	7.505231e+00	-7.505231e+00	1.663987e-03	1.623885e-04	1.000000
58174.0609040741	0.0360478935185185	-0.0360478935185185	7.343998e+00	4.157980e-01	-4.157980e-01	1.511367e-03	8.952563e-05	0.108277
58183.341989397	0.00636981481481481	-0.00636981481481481	6.152076e+00	3.157091e-01	-3.157091e-01	1.033146e-03	5.784509e-05	1.000000
58184.4033202535	0.00614894675925926	-0.00614894675925926	5.990626e+00	3.523303e-01	-3.523303e-01	9.322632e-04	5.261066e-05	0.960409
58186.0636482465	0.00552825231481481	-0.00552825231481481	5.159646e+00	9.206190e-01	-9.206190e-01	3.096282e-04	1.837305e-05	1.000000
58188.2613386238	0.00644856481481481	-0.00644856481481481	5.427980e+00	2.877146e-01	-2.877146e-01	9.574888e-04	5.691680e-05	0.974287
58193.0646802315	0.035059849537037	-0.035059849537037	4.539702e+00	2.209686e-01	-2.209686e-01	1.124329e-03	5.821557e-05	0.214379
58195.033405956	0.00661648148148148	-0.00661648148148148	4.782233e+00	2.604558e-01	-2.604558e-01	8.189967e-04	4.809314e-05	1.000000
58199.8040116262	0.00544119212962963	-0.00544119212962963	2.367754e+00	1.530405e-01	-1.530405e-01	8.688904e-04	6.606052e-05	1.000000
58201.9310543866	0.00548472222222222	-0.00548472222222222	2.143760e+00	1.560163e-01	-1.560163e-01	6.304292e-04	5.235430e-05	1.000000
58203.9197966389	0.00634079861111111	-0.00634079861111111	1.722095e+00	1.237195e-01	-1.237195e-01	5.709409e-04	4.600773e-05	1.000000
58205.6534127789	0.00603608796296296	-0.00603608796296296	9.673983e-01	6.840829e-02	-6.840829e-02	4.869250e-04	4.774692e-05	1.000000
58207.3087157836	0.20422244212963	-0.20422244212963	8.251716e-01	4.972191e-02	-4.972191e-02	4.936650e-04	4.187212e-05	0.045329
58209.4305555926	0.00947498842592593	-0.00947498842592593	7.747782e-01	5.036996e-02	-5.036996e-02	4.275524e-04	3.735542e-05	0.999993
58211.5532515255	0.0742730787037037	-0.0742730787037037	2.104887e+00	9.573246e-02	-9.573246e-02	6.094735e-04	3.688702e-05	0.163710
58213.4449059988	0.429821585648148	-0.429821585648148	4.834407e+00	1.189582e-01	-1.189582e-01	8.306704e-04	2.488778e-05	0.068258
58214.6717621447	0.468262800925926	-0.468262800925926	7.547996e+00	3.347479e-01	-3.347479e-01	7.203985e-04	2.582754e-05	0.030677
58217.5992383843	0.00120431712962963	-0.00120431712962963	1.089403e+01	9.694678e-01	-9.694678e-01	1.746371e-03	1.712458e-04	1.000000
58219.9176382512	0.000609409722222222	-0.000609409722222222	1.281102e+01	1.493673e+00	-1.493673e+00	2.076667e-03	2.616354e-04	1.000000
58223.4452908218	0.00437813657407407	-0.00437813657407407	8.129928e+00	5.648019e-01	-5.648019e-01	1.237335e-03	6.790759e-05	0.964419
58234.7854956991	0.101044618055556	-0.101044618055556	7.727252e-01	5.726118e-02	-5.726118e-02	4.710446e-04	5.170386e-05	0.054137
58235.880286544	0.00625373842592593	-0.00625373842592593	7.174581e-01	4.311330e-02	-4.311330e-02	4.938086e-04	5.420254e-05	1.000000
58237.2765060405	0.00518001157407407	-0.00518001157407407	1.536468e+00	1.114713e-01	-1.114713e-01	5.659819e-04	5.300907e-05	1.000000
58288.3148195949	0.102266527777778	-0.102266527777778	1.864446e+00	1.145801e-01	-1.145801e-01	5.893491e-04	5.292511e-05	0.058598
58290.2755774074	0.00400471064814815	-0.00400471064814815	2.014924e+00	1.389978e-01	-1.389978e-01	6.232731e-04	6.201799e-05	1.000000
58294.7852279097	0.00824158564814815	-0.00824158564814815	4.417755e+00	1.917979e-01	-1.917979e-01	8.642066e-04	4.666277e-05	1.000000
58296.6372148125	0.0014074537037037	-0.0014074537037037	6.351097e+00	5.338648e-01	-5.338648e-01	9.741379e-04	1.279106e-04	1.000000
58542.2953404977	0.068961087962963	-0.068961087962963	4.029790e-02	7.718443e-03	-7.718443e-03	3.635523e-04	4.858172e-05	0.085846
58544.2209635995	0.00444001157407407	-0.00444001157407407	7.130986e-03	4.574559e-03	-3.254499e-03	3.275393e-04	4.829303e-05	1.000000
58544.4875624664	0.00590550925925926	-0.00590550925925926	3.686690e-02	7.134816e-03	-7.134816e-03	6.425394e-04	6.490628e-05	1.000000
58545.9530659734	0.0035984375	-0.0035984375	1.735620e-01	2.100340e-02	-2.100340e-02	5.739356e-04	7.810274e-05	1.000000
58546.2871259051	0.00287295138888889	-0.00287295138888889	1.439181e-01	2.002022e-02	-2.002022e-02	3.253445e-04	6.261257e-05	1.000000
58550.929382331	0.0057458912037037	-0.0057458912037037	1.614432e-01	1.503826e-02	-1.503826e-02	3.765590e-04	5.031981e-05	1.000000
58554.9854809792	0.0057894212962963	-0.0057894212962963	5.002921e-02	8.843792e-03	-8.843792e-03	1.010729e-03	8.171257e-05	1.000000
58558.3351078218	0.0403051851851852	-0.0403051851851852	1.224899e-02	2.822045e-03	-2.822045e-03	2.640286e-04	2.627183e-05	0.319319
58582.9220926458	0.00539766203703704	-0.00539766203703704	7.464066e-02	1.042714e-02	-1.042714e-02	4.068096e-04	5.485420e-05	1.000000
58585.376691044	0.0056153125	-0.0056153125	2.352737e-02	5.790848e-03	-5.790848e-03	2.552032e-04	4.139943e-05	1.000000
58596.5878454618	0.0368810185185185	-0.0368810185185185	4.362881e-02	7.246103e-03	-7.246103e-03	3.199625e-04	3.880116e-05	0.183728
58649.9044115463	0.0376484143518519	-0.0376484143518519	5.090049e-03	2.165548e-03	-1.706802e-03	2.252688e-04	2.287258e-05	0.310635
58655.1883305567	0.1315065625	-0.1315065625	2.004941e-01	1.433942e-02	-1.433942e-02	3.628993e-04	3.245870e-05	0.091027
58661.1566515856	0.00763217592592593	-0.00763217592592593	4.667266e-02	6.955577e-03	-6.955577e-03	3.701939e-04	4.332792e-05	1.000000
58667.2035287025	0.00651491898148148	-0.00651491898148148	7.805908e-03	3.856094e-03	-2.927046e-03	2.248316e-04	3.059570e-05	1.000000
58673.3003267859	0.00980864583333333	-0.00980864583333333	1.550167e-02	3.545888e-03	-3.545888e-03	2.640489e-04	3.250217e-05	1.000000
58679.3415110324	0.00957649305555556	-0.00957649305555556	4.409446e-03	2.443297e-03	-1.804624e-03	1.513729e-04	1.613641e-05	1.000000
58685.0531830046	0.00695021990740741	-0.00695021990740741	7.636050e-02	1.109175e-02	-1.109175e-02	2.516792e-04	3.559281e-05	0.999998
58697.8131049282	0.0706278935185185	-0.0706278935185185	1.040301e-02	2.649886e-03	-2.649886e-03	1.396138e-04	1.541777e-05	0.173803
58703.4897665243	0.304391319444444	-0.304391319444444	4.174956e-03	2.077599e-03	-1.577043e-03	1.601152e-04	1.812947e-05	0.035084
58748.4145383819	0.337952106481481	-0.337952106481481	5.020100e-03	1.536026e-03	-1.283508e-03	1.484904e-04	1.152509e-05	0.064702
! PC upper limits
58696.8844149803	0.0694647800925926	-0.0694647800925926	7.3414e-03	0.0000e+00	0.0000e+00	4.1256e-05	4.5014e-06	0.1427
