 ! Swift/XRT detailed lightcurve of trigger: 10977, name: smc X-3
 ! T0 for this burst is Swift MET=153250381.8006 s, = 2005 Nov 09 at 17:33:01.970 UT

 ! Data covers 0.3-10 keV
 ! For details of light-curve production, see Evans et al. 2007, A&A, 469, 379
 ! BINMODE: 
!MJD    	T_+ve   	T_-ve   	Rate    	Ratepos 	Rateneg 	BGrate  	BGerr   	FracExp
! WT data
57610.9988428067	0.0736538078703704	-0.0736538078703704	1.269630e+01	6.090199e-01	-5.199818e-01	2.044050e-01	5.445479e-03	0.368510
57612.5959712014	0.0666942824074074	-0.0666942824074074	1.771049e+01	8.397429e-01	-7.179307e-01	2.137107e-01	8.555277e-03	0.172992
57614.5652243299	0.0352836458333333	-0.0352836458333333	2.061253e+01	2.413324e-01	-2.255547e-01	3.951027e-01	1.714599e-02	0.156946
57618.9464024734	0.0367233333333333	-0.0367233333333333	2.867653e+01	4.756169e-01	-6.372101e-01	3.359800e-01	1.128747e-02	0.315565
57620.8751585648	0.0378592939814815	-0.0378592939814815	3.359905e+01	7.623179e-01	-8.931175e-01	3.376402e-01	1.226364e-02	0.228601
57622.9344681042	0.0368380208333333	-0.0368380208333333	3.761352e+01	1.580145e+00	-1.997245e+00	3.912830e-01	1.194514e-02	0.310148
57624.861485816	0.102059537037037	-0.102059537037037	3.728889e+01	5.444012e-01	-6.080643e-01	3.471685e-01	1.309371e-02	0.073712
57626.7539668727	0.00210034722222222	-0.00210034722222222	3.717764e+01	3.431939e-01	-3.458119e-01	3.590695e-01	2.520174e-02	1.000000
57628.4802802546	0.334092685185185	-0.334092685185185	3.430494e+01	8.387893e-01	-1.005838e+00	3.708077e-01	1.497678e-02	0.020255
57630.5345543785	0.465211944444444	-0.465211944444444	3.451767e+01	7.455550e-01	-8.251122e-01	3.211581e-01	1.503961e-02	0.012082
57632.5270717546	0.00468519675925926	-0.00468519675925926	3.548915e+01	3.071800e+00	-2.619691e+00	3.269096e-01	1.640712e-02	1.000000
57634.2546338981	0.0680627777777778	-0.0680627777777778	3.151384e+01	7.096960e-01	-5.616281e-01	3.103806e-01	1.031740e-02	0.164907
57636.4042867604	0.233699155092593	-0.233699155092593	2.325659e+01	1.603610e+00	-1.421438e+00	2.695667e-01	1.146314e-02	0.033687
57637.9633183576	0.130005509259259	-0.130005509259259	2.433164e+01	1.087068e-01	-1.198422e-01	2.527002e-01	7.554235e-03	0.132910
57638.927601809	0.164261284722222	-0.164261284722222	2.305133e+01	7.841499e-01	-7.069935e-01	2.418621e-01	7.272610e-03	0.105098
57639.7233810104	0.105035092592593	-0.105035092592593	2.234772e+01	6.899255e-01	-6.865367e-01	2.582593e-01	7.844067e-03	0.152072
57644.744376853	0.102305358796296	-0.102305358796296	1.673157e+01	2.817789e-01	-3.343487e-01	2.158020e-01	7.016327e-03	0.169308
57645.7051867836	0.0730764351851852	-0.0730764351851852	1.657402e+01	7.977238e-02	-7.957208e-02	1.970233e-01	6.863633e-03	0.237155
57646.6690050278	0.04286	-0.04286	1.607105e+01	2.143768e-01	-2.071172e-01	1.992526e-01	6.862624e-03	0.405046
57648.7582956204	0.138039143518519	-0.138039143518519	1.320282e+01	7.950314e-02	-7.900919e-02	2.074831e-01	7.367942e-03	0.126108
57650.8833041539	0.00887707175925926	-0.00887707175925926	1.217507e+01	9.492075e-02	-9.495102e-02	1.916944e-01	9.885882e-03	1.000000
57652.6406562627	0.306335671296296	-0.306335671296296	1.118099e+01	1.563799e-01	-1.536566e-01	1.716275e-01	6.832384e-03	0.049034
57654.3753380139	0.305024178240741	-0.305024178240741	1.025489e+01	7.124490e-02	-7.125623e-02	1.943254e-01	7.829593e-03	0.043299
57656.2596918819	0.199126238425926	-0.199126238425926	9.945147e+00	6.626976e-02	-6.628352e-02	2.059997e-01	7.842275e-03	0.076006
57658.8185705069	0.177032199074074	-0.177032199074074	9.298321e+00	5.729558e-02	-5.730950e-02	2.165022e-01	7.133989e-03	0.107453
57660.382745162	0.333700023148148	-0.333700023148148	8.468211e+00	6.436536e-02	-6.437563e-02	1.599722e-01	6.033467e-03	0.051470
57662.8291408252	0.00329732638888889	-0.00329732638888889	7.232984e+00	1.206951e-01	-1.206991e-01	1.751880e-01	1.560698e-02	1.000000
57664.79218886	0.0416357407407407	-0.0416357407407407	6.488821e+00	6.742598e-02	-6.743174e-02	2.372573e-01	1.049564e-02	0.240287
57667.3537434699	0.0696527083333333	-0.0696527083333333	6.298422e+00	1.251150e-01	-1.251180e-01	1.618571e-01	1.635003e-02	0.038518
57668.7848984236	0.0385232407407407	-0.0385232407407407	5.496515e+00	4.840113e-02	-4.840689e-02	2.059141e-01	7.744196e-03	0.419503
57670.7705069583	0.0431761111111111	-0.0431761111111111	5.167784e+00	4.656592e-02	-4.657121e-02	1.971327e-01	7.510157e-03	0.381015
57672.4282546111	0.235435277777778	-0.235435277777778	4.760671e+00	5.298899e-02	-5.299293e-02	1.854160e-01	8.454243e-03	0.049180
57674.7909699375	0.208821678240741	-0.208821678240741	4.504982e+00	5.194473e-02	-5.194834e-02	2.088281e-01	8.816730e-03	0.056448
57675.9880612569	0.529804155092593	-0.529804155092593	4.206139e+00	6.389671e-02	-6.389927e-02	1.499671e-01	9.522919e-03	0.013274
57680.362855037	0.267510277777778	-0.267510277777778	3.748705e+00	4.406604e-02	-4.406898e-02	1.160451e-01	5.642304e-03	0.054305
57681.5991314491	0.304125104166667	-0.304125104166667	3.436446e+00	3.768673e-02	-3.768961e-02	1.398830e-01	6.224711e-03	0.054655
57682.2266361736	0.0676156481481481	-0.0676156481481481	3.409211e+00	3.419879e-02	-3.420192e-02	1.351294e-01	5.387961e-03	0.294548
57684.282907912	0.0724178703703704	-0.0724178703703704	3.390417e+00	3.290476e-02	-3.290799e-02	1.392027e-01	5.426686e-03	0.295798
57686.1451436551	0.130359386574074	-0.130359386574074	3.057539e+00	3.167361e-02	-3.167633e-02	1.449682e-01	5.526862e-03	0.161819
57688.5005629977	0.104764872685185	-0.104764872685185	2.902373e+00	4.027834e-02	-4.028027e-02	1.166832e-01	5.550052e-03	0.151247
57690.2544063333	0.0716042824074074	-0.0716042824074074	2.951800e+00	3.884984e-02	-3.885191e-02	1.101439e-01	5.473094e-03	0.190779
57696.8360498241	0.103879444444444	-0.103879444444444	2.526584e+00	2.931573e-02	-2.931774e-02	1.210740e-01	4.509031e-03	0.222621
57698.7953201852	0.2017015625	-0.2017015625	2.468324e+00	2.452042e-02	-2.452271e-02	9.992180e-02	3.589297e-03	0.151132
57700.7547393542	0.108219780092593	-0.108219780092593	2.259162e+00	2.482743e-02	-2.482932e-02	1.298941e-01	4.468492e-03	0.249092
57702.5384914051	0.100180578703704	-0.100180578703704	2.197818e+00	2.522411e-02	-2.522588e-02	1.213036e-01	4.420550e-03	0.257136
57705.6578244526	0.0343195833333333	-0.0343195833333333	2.016554e+00	3.805276e-02	-3.805374e-02	1.086841e-01	6.202927e-03	0.307329
57706.8961082141	0.0779987847222222	-0.0779987847222222	2.078143e+00	2.463317e-02	-2.463479e-02	1.351613e-01	4.614331e-03	0.331411
57708.8875745127	0.0788841782407407	-0.0788841782407407	1.950770e+00	2.559324e-02	-2.559461e-02	1.220954e-01	4.366121e-03	0.318622
57710.5446183345	0.0746226388888889	-0.0746226388888889	1.801051e+00	2.259978e-02	-2.260110e-02	1.001096e-01	3.836210e-03	0.360531
57712.301563603	0.105860069444444	-0.105860069444444	1.662088e+00	2.121359e-02	-2.121479e-02	1.190661e-01	4.147865e-03	0.267412
57714.4661879213	0.0696847685185185	-0.0696847685185185	1.535526e+00	2.657039e-02	-2.657121e-02	1.254002e-01	5.132289e-03	0.273018
57716.1887491505	0.0756546990740741	-0.0756546990740741	1.438578e+00	2.385688e-02	-2.385768e-02	1.187076e-01	4.710767e-03	0.276646
57718.3836202407	0.0786758217592593	-0.0786758217592593	1.254017e+00	2.061239e-02	-2.061309e-02	1.057460e-01	4.037400e-03	0.327441
57720.3401094896	0.10689712962963	-0.10689712962963	1.088811e+00	2.051391e-02	-2.051444e-02	1.228219e-01	4.212757e-03	0.248884
57722.6623145035	0.107624849537037	-0.107624849537037	9.894412e-01	1.701429e-02	-1.701483e-02	1.605395e-01	4.725841e-03	0.270029
57724.1897574213	0.107253587962963	-0.107253587962963	8.420250e-01	1.854758e-02	-1.854794e-02	2.083756e-01	6.166145e-03	0.222489
57726.6868867292	0.0740176851851852	-0.0740176851851852	8.020179e-01	1.914997e-02	-1.915028e-02	1.403952e-01	5.352518e-03	0.261311
57728.6436994502	0.109568287037037	-0.109568287037037	6.729334e-01	1.667493e-02	-1.667518e-02	1.681725e-01	4.752836e-03	0.260269
57730.1968691053	0.131418969907407	-0.131418969907407	7.446932e-01	1.718483e-02	-1.718513e-02	1.527759e-01	4.875276e-03	0.191880
57732.1262662014	0.0748994444444444	-0.0748994444444444	8.159003e-01	1.613281e-02	-1.613319e-02	1.329305e-01	4.714558e-03	0.364958
57734.8851827651	0.0958392476851852	-0.0958392476851852	7.740444e-01	2.217385e-02	-2.217410e-02	2.249039e-01	7.577203e-03	0.186491
57736.5786224201	0.13990412037037	-0.13990412037037	9.188811e-01	1.980791e-02	-1.980830e-02	1.238137e-01	4.897993e-03	0.147035
57738.1695403264	0.136513888888889	-0.136513888888889	9.898204e-01	1.758805e-02	-1.758857e-02	1.119548e-01	4.394609e-03	0.185855
57750.687313066	0.269437974537037	-0.269437974537037	8.027214e-01	1.647209e-02	-1.647245e-02	9.352611e-02	3.762172e-03	0.092515
57752.643372963	0.10014337962963	-0.10014337962963	7.630932e-01	1.919058e-02	-1.919086e-02	8.320228e-02	4.397377e-03	0.164641
57754.2727364942	0.0756715972222222	-0.0756715972222222	6.513251e-01	1.680520e-02	-1.680543e-02	9.592013e-02	4.166504e-03	0.280339
57780.1081517384	0.0048431712962963	-0.0048431712962963	6.061100e-01	3.229090e-02	-3.229100e-02	1.013413e-01	9.450124e-03	1.000000
! PC data
56146.5139747049	0.43659900462963	-0.43659900462963	4.066642e-03	2.670017e-03	-1.899542e-03	2.141395e-04	2.364775e-05	0.020838
56148.5149642625	0.372394386574074	-0.372394386574074	1.145039e-03	7.303266e-04	-5.393480e-04	1.412168e-04	7.658557e-06	0.096279
56149.950659575	0.874906863425926	-0.874906863425926	1.070478e-03	5.693196e-04	-4.408847e-04	1.348444e-04	5.633207e-06	0.063701
56151.9945141603	0.972013483796296	-0.972013483796296	1.914616e-02	1.794646e-03	-1.794646e-03	3.659877e-04	1.452378e-05	0.067503
56153.4955257433	0.471006585648148	-0.471006585648148	3.826766e-02	2.485930e-03	-2.485930e-03	4.762675e-04	2.132066e-05	0.117094
56154.5308187063	0.440583923611111	-0.440583923611111	3.829623e-02	4.629369e-03	-4.629369e-03	4.105445e-04	3.308262e-05	0.041265
56157.0028290321	0.973440497685185	-0.973440497685185	7.659618e-02	2.660987e-03	-2.660987e-03	5.763877e-04	1.997065e-05	0.105369
56164.451922088	0.538907997685185	-0.538907997685185	3.952090e-02	4.723806e-03	-4.723806e-03	3.443976e-04	3.183957e-05	0.031340
56166.5179465296	0.470798449074074	-0.470798449074074	1.370761e-02	2.452033e-03	-2.452033e-03	3.539012e-04	2.521442e-05	0.048572
56168.6215690962	0.1644234375	-0.1644234375	6.012460e-03	2.815786e-03	-2.182211e-03	2.918054e-04	3.058952e-05	0.063714
56196.7951278822	0.140162337962963	-0.140162337962963	1.384694e-02	2.956818e-03	-2.956818e-03	3.972001e-04	3.510786e-05	0.109526
56197.5308525234	0.407195451388889	-0.407195451388889	4.029260e-02	3.963721e-03	-3.963721e-03	4.267882e-04	3.010332e-05	0.061290
56199.2275212277	0.772331087962963	-0.772331087962963	5.394131e-02	3.635408e-03	-3.635408e-03	3.544528e-04	2.177386e-05	0.051214
56201.036180973	0.906740439814815	-0.906740439814815	6.020571e-02	2.829537e-03	-2.829537e-03	3.685132e-04	1.636624e-05	0.080267
56202.8650008924	0.0029309837962963	-0.0029309837962963	8.504162e-02	1.656345e-02	-1.656345e-02	6.296779e-04	1.408003e-04	1.000000
56203.3097421308	0.16650775462963	-0.16650775462963	8.432666e-02	1.194869e-02	-1.194869e-02	6.109831e-04	9.427674e-05	0.033898
56204.4760433193	0.473832349537037	-0.473832349537037	5.504572e-02	3.900986e-03	-3.900986e-03	4.331085e-04	2.630947e-05	0.069023
56206.6386030378	0.171686331018519	-0.171686331018519	5.258425e-02	3.914930e-03	-3.914930e-03	3.144386e-04	2.240282e-05	0.192438
56208.1069992494	0.508130659722222	-0.508130659722222	3.664675e-02	3.113554e-03	-3.113554e-03	4.453606e-04	2.558530e-05	0.070246
56211.4505400597	0.431968298611111	-0.431968298611111	1.658710e-02	2.213947e-03	-2.213947e-03	3.520356e-04	2.291557e-05	0.074536
56212.9820057194	0.775492395833333	-0.775492395833333	1.046563e-02	1.713756e-03	-1.713756e-03	3.044658e-04	1.600237e-05	0.046383
56215.1534908274	0.677631990740741	-0.677631990740741	1.509830e-03	6.877662e-04	-5.416882e-04	1.169035e-04	5.997021e-06	0.069462
56222.0089374939	0.970775717592593	-0.970775717592593	7.763781e-04	4.180724e-04	-3.170873e-04	5.945970e-05	2.860756e-06	0.072745
56224.0236139597	0.00264078703703704	-0.00264078703703704	1.023787e-02	7.811007e-03	-5.260622e-03	3.994494e-04	8.931959e-05	1.000000
56250.0364636846	0.00507844907407407	-0.00507844907407407	8.641430e-02	1.231338e-02	-1.231338e-02	4.249608e-04	8.674475e-05	1.000000
56251.8364072448	0.139847152777778	-0.139847152777778	8.532279e-02	7.068887e-03	-7.068887e-03	4.180720e-04	4.859988e-05	0.113923
56257.1102713973	0.738900497685185	-0.738900497685185	2.403843e-02	3.105661e-03	-3.105661e-03	2.546965e-04	2.296521e-05	0.032264
56258.5090874853	0.00327922453703704	-0.00327922453703704	1.086554e-02	6.775115e-03	-4.820050e-03	2.515938e-04	6.289845e-05	1.000000
56736.3716935463	0.00593452546296296	-0.00593452546296296	3.878389e-02	7.590696e-03	-7.590696e-03	9.356445e-04	9.003243e-05	1.000000
56738.2377050139	0.00587652777777778	-0.00587652777777778	5.085142e-02	8.594843e-03	-8.594843e-03	4.924112e-04	6.580122e-05	0.997524
56740.3692124884	0.00632628472222222	-0.00632628472222222	6.979373e-02	9.580563e-03	-9.580563e-03	8.837687e-04	1.122387e-04	1.000000
56742.8208436319	0.00609413194444444	-0.00609413194444444	9.931885e-02	1.189562e-02	-1.189562e-02	6.114053e-04	9.114292e-05	1.000000
56744.8208847292	0.00603608796296296	-0.00603608796296296	1.205236e-01	1.391790e-02	-1.391790e-02	4.829554e-04	8.049257e-05	1.000000
57135.938303566	0.040001412037037	-0.040001412037037	1.142106e-02	3.006030e-03	-3.006030e-03	4.128051e-04	3.663053e-05	0.280393
57547.8087218021	0.000319212962962963	-0.000319212962962963	4.649674e-02	4.455338e-02	-2.725506e-02	1.121383e-03	7.929375e-04	1.000000
57599.178651978	0.000362743055555556	-0.000362743055555556	2.290081e-01	7.779699e-02	-6.351033e-02	2.100899e-03	1.050450e-03	1.000000
57603.6955513368	0.000348240740740741	-0.000348240740740741	4.150967e-01	9.633303e-02	-9.633303e-02	3.562366e-03	1.346448e-03	1.000000
57610.6004976447	0.000348240740740741	-0.000348240740740741	1.354159e+01	1.648928e+00	-1.648928e+00	1.283750e-02	2.426060e-03	1.000000
57611.0025659086	0.000435300925925926	-0.000435300925925926	1.186289e+01	1.230752e+00	-1.230752e+00	3.628534e-02	3.762614e-03	0.933329
57617.5801377951	0.000348240740740741	-0.000348240740740741	2.765622e+01	3.690239e+00	-3.690239e+00	1.521521e-02	2.196126e-03	1.000000
57624.616206441	0.00027568287037037	-0.00027568287037037	3.960795e+01	4.957689e+00	-4.957689e+00	2.278192e-02	3.017538e-03	1.000000
57631.525977956	0.000348240740740741	-0.000348240740740741	3.479830e+01	4.140513e+00	-4.140513e+00	1.964535e-02	2.494962e-03	1.000000
57652.7390164479	0.000362743055555556	-0.000362743055555556	1.418137e+01	1.877137e+00	-1.877137e+00	7.317076e-03	1.724651e-03	1.000000
57659.6482498137	0.000348240740740741	-0.000348240740740741	7.411719e+00	1.021405e+00	-1.021405e+00	1.107772e-02	2.361778e-03	1.000000
57666.676014765	0.000333726851851852	-0.000333726851851852	5.907490e+00	9.133165e-01	-9.133165e-01	1.000060e-02	2.294294e-03	1.000000
57673.5865785359	0.000362743055555556	-0.000362743055555556	4.490613e+00	6.757309e-01	-6.757309e-01	6.599622e-03	1.830406e-03	1.000000
57680.7056908588	0.000362743055555556	-0.000362743055555556	3.872828e+00	6.269032e-01	-6.269032e-01	6.599622e-03	1.830406e-03	1.000000
57687.4698083785	0.000362743055555556	-0.000362743055555556	2.759878e+00	5.270446e-01	-5.270446e-01	4.569798e-03	1.523266e-03	1.000000
57701.845596566	0.000348240740740741	-0.000348240740740741	2.845946e+00	5.572715e-01	-5.572715e-01	1.599097e-02	2.872063e-03	1.000000
57708.4953702535	0.000333726851851852	-0.000333726851851852	1.709766e+00	4.361450e-01	-4.361450e-01	5.452682e-03	1.724289e-03	1.000000
57717.3905385382	0.000304710648148148	-0.000304710648148148	9.757890e-01	2.547632e-01	-2.547632e-01	3.098454e-03	1.385671e-03	1.000000
57722.7706425359	0.00027568287037037	-0.00027568287037037	8.806453e-01	3.938806e-01	-3.050236e-01	4.629141e-03	1.749651e-03	1.000000
57729.4806382708	0.000348240740740741	-0.000348240740740741	5.266491e-01	1.375690e-01	-1.375690e-01	2.831204e-03	1.266153e-03	1.000000
57736.9065402789	0.000377256944444444	-0.000377256944444444	1.045823e+00	2.370701e-01	-2.370701e-01	4.095628e-03	1.448023e-03	1.000000
57751.6195526956	0.000348240740740741	-0.000348240740740741	5.056953e-01	1.313972e-01	-1.313972e-01	1.545443e-03	8.922618e-04	1.000000
57758.7801211493	0.000362743055555556	-0.000362743055555556	5.275461e-01	1.572732e-01	-1.314180e-01	3.302876e-03	1.248370e-03	1.000000
57764.5550146007	0.000362743055555556	-0.000362743055555556	2.639384e-01	8.983688e-02	-7.333921e-02	2.437080e-03	1.089895e-03	1.000000
57769.9653779144	0.169680011574074	-0.169680011574074	1.819503e-01	8.152400e-03	-8.152400e-03	1.570717e-03	9.816978e-05	0.128269
57771.1954607153	0.00242314814814815	-0.00242314814814815	2.307970e-01	2.627544e-02	-2.627544e-02	2.190821e-03	3.553981e-04	1.000000
57772.0694982268	0.000362743055555556	-0.000362743055555556	1.885969e-01	7.200779e-02	-5.753804e-02	2.398700e-03	1.072731e-03	1.000000
57772.6363723704	0.0404616550925926	-0.0404616550925926	2.818826e-01	1.708800e-02	-1.708800e-02	1.755525e-03	1.334701e-04	0.319878
57773.0934655312	0.0347748842592593	-0.0347748842592593	2.546550e-01	1.474201e-02	-1.474201e-02	1.720277e-03	1.459120e-04	0.317528
57774.3540539109	0.0339024421296296	-0.0339024421296296	3.259550e-01	2.067404e-02	-2.067404e-02	1.845066e-03	1.521785e-04	0.295740
57775.3128502894	0.0709467361111111	-0.0709467361111111	3.082332e-01	1.875601e-02	-1.875601e-02	1.790948e-03	1.614844e-04	0.134163
57776.4815116782	0.041181400462963	-0.041181400462963	5.079459e-01	2.635618e-02	-2.635618e-02	1.833755e-03	1.555370e-04	0.250161
57777.268823647	0.0344221412037037	-0.0344221412037037	5.848353e-01	2.686456e-02	-2.686456e-02	2.165831e-03	1.681011e-04	0.311086
57778.8079630914	0.1647309375	-0.1647309375	5.603172e-01	3.133749e-02	-3.133749e-02	2.129871e-03	1.969067e-04	0.043424
57782.097695316	0.00692119212962963	-0.00692119212962963	5.715044e-01	3.224195e-02	-3.224195e-02	1.993921e-03	1.984026e-04	1.000000
57784.3215333831	0.0386580208333333	-0.0386580208333333	6.861556e-01	3.046438e-02	-3.046438e-02	2.471243e-03	2.066557e-04	0.290512
57785.2824848299	0.000333726851851852	-0.000333726851851852	6.063215e-01	1.491691e-01	-1.491691e-01	4.110207e-03	1.553512e-03	1.000000
57786.3091571458	0.101027395833333	-0.101027395833333	6.406896e-01	2.600924e-02	-2.600924e-02	2.027420e-03	1.300590e-04	0.157267
57804.8606202535	0.101640011574074	-0.101640011574074	9.128721e-02	1.312399e-02	-1.312399e-02	1.173261e-03	1.659242e-04	0.039258
57806.4907256482	0.000319212962962963	-0.000319212962962963	9.008213e-02	5.511257e-02	-3.920899e-02	1.250768e-03	8.844267e-04	1.000000
57808.4181957407	0.0676725231481481	-0.0676725231481481	3.440544e-02	5.203296e-03	-5.203296e-03	6.005594e-04	5.130925e-05	0.163597
57810.4046602789	0.131210277777778	-0.131210277777778	1.907226e-02	3.622715e-03	-3.622715e-03	5.681537e-04	4.926517e-05	0.090016
57819.467362294	0.369211168981481	-0.369211168981481	8.877367e-02	1.124906e-02	-1.124906e-02	8.627006e-04	1.095631e-04	0.015641
57820.3111078032	0.000348240740740741	-0.000348240740740741	9.577864e-02	5.375040e-02	-3.970014e-02	5.157233e-03	1.719078e-03	1.000000
57820.8980043657	0.00175569444444444	-0.00175569444444444	1.457248e-01	2.490109e-02	-2.490109e-02	1.233330e-03	2.991264e-04	1.000000
57821.492815338	0.468763553240741	-0.468763553240741	1.169199e-01	9.447911e-03	-9.447911e-03	1.401967e-03	1.180669e-04	0.021358
57822.0572298171	0.0369862731481481	-0.0369862731481481	1.482132e-01	1.061255e-02	-1.061255e-02	1.811477e-03	1.361590e-04	0.300112
57823.5308457894	0.0390450115740741	-0.0390450115740741	1.409351e-01	1.053329e-02	-1.053329e-02	1.975589e-03	1.607712e-04	0.261248
57826.6655537292	0.000319212962962963	-0.000319212962962963	1.212993e-01	6.558131e-02	-4.839517e-02	2.353064e-03	1.176532e-03	1.000000
57835.2423706389	0.00666001157407407	-0.00666001157407407	5.706281e-03	3.237536e-03	-2.391250e-03	3.135915e-04	3.670310e-05	1.000000
57860.1070884028	0.00655844907407407	-0.00655844907407407	4.770550e-03	3.048943e-03	-2.169123e-03	2.092568e-04	2.930181e-05	1.000000
57863.6969620023	0.198503518518519	-0.198503518518519	6.774524e-02	1.155185e-02	-1.155185e-02	1.120308e-03	1.302332e-04	0.021052
57866.0751624063	0.00583295138888889	-0.00583295138888889	1.799682e-01	1.485414e-02	-1.485414e-02	1.582891e-03	1.905577e-04	1.000000
57868.2838879028	0.000362743055555556	-0.000362743055555556	2.342878e-01	7.615097e-02	-6.273475e-02	3.110223e-03	1.269743e-03	1.000000
57869.4695517454	0.403824988425926	-0.403824988425926	2.310198e-01	1.858081e-02	-1.858081e-02	1.667775e-03	1.913069e-04	0.014588
57876.6429796134	0.338016875	-0.338016875	6.146186e-02	4.126862e-03	-4.126862e-03	8.102702e-04	4.235350e-05	0.086883
57877.4065104236	0.296021145833333	-0.296021145833333	5.403886e-02	3.716171e-03	-3.716171e-03	6.655283e-04	3.418589e-05	0.111218
57878.923704566	0.904514699074074	-0.904514699074074	4.051016e-02	3.635653e-03	-3.635653e-03	5.693366e-04	3.427003e-05	0.027367
57907.3477461597	0.00547020833333333	-0.00547020833333333	4.061144e-02	7.525477e-03	-7.525477e-03	4.657976e-04	6.224482e-05	1.000000
57909.2740083461	0.00491883101851852	-0.00491883101851852	7.675855e-02	1.063027e-02	-1.063027e-02	1.095954e-03	1.403226e-04	1.000000
57910.3400397002	0.000319212962962963	-0.000319212962962963	1.130485e-01	6.065959e-02	-4.476323e-02	1.680620e-03	9.703062e-04	1.000000
57912.9146344907	0.00578943287037037	-0.00578943287037037	1.750008e-01	1.540004e-02	-1.540004e-02	1.924244e-03	2.151370e-04	0.999998
57915.9671356343	0.00554275462962963	-0.00554275462962963	1.522800e-01	1.458761e-02	-1.458761e-02	1.572652e-03	1.981356e-04	1.000000
57917.3737387569	0.000217650462962963	-0.000217650462962963	1.321801e-01	8.267700e-02	-5.881927e-02	4.124531e-03	1.844546e-03	1.000000
57918.2265415	0.00586201388888889	-0.00586201388888889	8.129129e-02	1.011681e-02	-1.011681e-02	1.206662e-03	1.357601e-04	0.997518
57921.3553458264	0.462473969907407	-0.462473969907407	3.967662e-02	6.500181e-03	-6.500181e-03	7.192343e-04	7.942615e-05	0.015248
57959.891049713	0.000362743055555556	-0.000362743055555556	3.693881e-01	8.788686e-02	-8.788686e-02	2.640045e-03	1.180664e-03	1.000000
57966.6642178519	0.000333726851851852	-0.000333726851851852	7.542329e-02	5.845713e-02	-3.937020e-02	3.919340e-03	1.481371e-03	1.000000
57972.5412185035	0.438423252314815	-0.438423252314815	4.309841e-02	2.692657e-03	-2.692657e-03	4.869043e-04	2.032299e-05	0.133673
57973.2564277732	0.234292569444444	-0.234292569444444	3.240326e-02	2.942615e-03	-2.942615e-03	4.293354e-04	2.482911e-05	0.137176
! PC upper limits
56145.3441362933	0.336280150462963	-0.336280150462963	1.2118e-02	0.0000e+00	0.0000e+00	1.5546e-04	1.9904e-05	0.0204
56147.5197918969	0.307678148148148	-0.307678148148148	1.0299e-02	0.0000e+00	0.0000e+00	1.3651e-04	1.1882e-05	0.0443
56170.3913203895	0.608540648148148	-0.608540648148148	2.8614e-03	0.0000e+00	0.0000e+00	9.7865e-05	5.5228e-06	0.0654
56173.632009187	0.171329398148148	-0.171329398148148	1.3324e-02	0.0000e+00	0.0000e+00	8.2716e-05	9.8864e-06	0.0534
56216.429019778	0.400010555555556	-0.400010555555556	1.2204e-02	0.0000e+00	0.0000e+00	4.8663e-05	5.7350e-06	0.0244
56217.5938202294	0.107426678240741	-0.107426678240741	5.5778e-03	0.0000e+00	0.0000e+00	1.2941e-04	1.3641e-05	0.1293
56219.9961456691	0.778023032407407	-0.778023032407407	1.2524e-03	0.0000e+00	0.0000e+00	5.5536e-05	2.4078e-06	0.1015
56223.057989419	0.0377125694444444	-0.0377125694444444	1.8768e-02	0.0000e+00	0.0000e+00	4.8340e-05	8.0566e-06	0.1308
56225.3752555645	0.000290196759259259	-0.000290196759259259	1.7547e-01	0.0000e+00	0.0000e+00	2.8008e-03	1.4004e-03	1.0000
56226.6704575089	0.643881238425926	-0.643881238425926	4.9421e-03	0.0000e+00	0.0000e+00	7.1722e-05	6.5473e-06	0.0244
56229.1428319105	0.427980821759259	-0.427980821759259	1.0286e-02	0.0000e+00	0.0000e+00	8.7050e-05	1.0881e-05	0.0230
56230.4454116791	0.341957013888889	-0.341957013888889	6.1241e-03	0.0000e+00	0.0000e+00	7.6186e-05	7.9429e-06	0.0364
56232.5397874078	0.435767523148148	-0.435767523148148	5.2695e-03	0.0000e+00	0.0000e+00	1.6659e-04	1.4079e-05	0.0353
56233.0412232758	0.00307608796296296	-0.00307608796296296	2.1311e-02	0.0000e+00	0.0000e+00	2.2771e-04	3.7952e-05	1.0000
56234.0137929286	0.975645740740741	-0.975645740740741	1.4146e-02	0.0000e+00	0.0000e+00	1.4184e-05	4.4854e-06	0.0047
56237.4839411414	0.0346618981481482	-0.0346618981481482	2.8594e-02	0.0000e+00	0.0000e+00	2.1209e-04	5.8822e-05	0.0766
56259.6886888578	0.106306631944444	-0.106306631944444	8.7801e-03	0.0000e+00	0.0000e+00	9.2816e-05	1.1982e-05	0.1166
56261.6406460172	0.334215138888889	-0.334215138888889	2.4302e-03	0.0000e+00	0.0000e+00	1.4712e-04	1.0226e-05	0.0983
56264.2153002632	0.171362210648148	-0.171362210648148	1.1321e-02	0.0000e+00	0.0000e+00	4.0955e-05	8.9371e-06	0.0303
56718.4698447581	0.0390269444444444	-0.0390269444444444	5.6153e-03	0.0000e+00	0.0000e+00	1.9240e-04	1.8180e-05	0.3183
56720.1712533322	0.00499138888888889	-0.00499138888888889	2.0062e-02	0.0000e+00	0.0000e+00	2.3687e-04	3.6550e-05	1.0000
56722.7429096956	0.0381736921296296	-0.0381736921296296	9.9681e-03	0.0000e+00	0.0000e+00	1.3423e-04	1.7187e-05	0.1748
56724.0344879363	0.00562981481481481	-0.00562981481481481	1.6426e-02	0.0000e+00	0.0000e+00	7.4218e-05	1.5823e-05	1.0000
56726.5081856412	0.00623922453703704	-0.00623922453703704	1.7031e-02	0.0000e+00	0.0000e+00	1.7843e-04	2.1176e-05	1.0000
56728.1754700139	0.00562981481481481	-0.00562981481481481	9.9418e-03	0.0000e+00	0.0000e+00	2.3829e-04	3.7214e-05	1.0000
56730.3047779051	0.00618119212962963	-0.00618119212962963	1.3318e-02	0.0000e+00	0.0000e+00	4.3095e-04	4.7883e-05	1.0000
56732.0330140741	0.00573138888888889	-0.00573138888888889	1.7624e-02	0.0000e+00	0.0000e+00	3.3208e-04	4.3605e-05	1.0000
56734.967060713	0.00639884259259259	-0.00639884259259259	1.0524e-02	0.0000e+00	0.0000e+00	4.7218e-04	4.9228e-05	1.0000
57563.758972978	0.000348240740740741	-0.000348240740740741	1.7017e-01	0.0000e+00	0.0000e+00	2.7067e-03	1.2105e-03	1.0000
57567.7381220961	0.000333726851851852	-0.000333726851851852	1.3193e-01	0.0000e+00	0.0000e+00	5.7030e-04	5.7030e-04	1.0000
57575.7667395231	0.000319212962962963	-0.000319212962962963	1.3327e-01	0.0000e+00	0.0000e+00	1.2525e-03	8.8567e-04	1.0000
57579.6321634549	0.000348240740740741	-0.000348240740740741	1.2722e-01	0.0000e+00	0.0000e+00	1.7399e-02	3.1766e-03	1.0000
57585.2653407593	0.000377256944444444	-0.000377256944444444	1.1736e-01	0.0000e+00	0.0000e+00	2.0167e-03	1.0084e-03	1.0000
57652.7390164479	0.000362743055555556	-0.000362743055555556	1.4563e+00	0.0000e+00	0.0000e+00	0.0000e+00	0.0000e+00	1.0000
57778.9025063669	0.000348240740740741	-0.000348240740740741	1.2308e-01	0.0000e+00	0.0000e+00	0.0000e+00	0.0000e+00	1.0000
57834.6405494699	0.000348240740740741	-0.000348240740740741	1.2552e-01	0.0000e+00	0.0000e+00	2.1873e-03	1.0937e-03	1.0000
57836.3766391111	0.00298902777777778	-0.00298902777777778	2.5099e-02	0.0000e+00	0.0000e+00	4.5463e-04	8.3004e-05	1.0000
57838.1593733704	0.00565884259259259	-0.00565884259259259	1.5336e-02	0.0000e+00	0.0000e+00	1.4274e-04	2.0391e-05	1.0000
57842.5412632662	0.000377256944444444	-0.000377256944444444	2.0620e-01	0.0000e+00	0.0000e+00	2.0135e-02	3.1836e-03	1.0000
57854.5380681377	0.000377256944444444	-0.000377256944444444	1.4528e-01	0.0000e+00	0.0000e+00	9.9613e-03	2.2274e-03	1.0000
57857.119745059	0.00641334490740741	-0.00641334490740741	1.0242e-02	0.0000e+00	0.0000e+00	1.5463e-04	1.8615e-05	1.0000
57861.3119324306	0.000348240740740741	-0.000348240740740741	1.6766e-01	0.0000e+00	0.0000e+00	3.7903e-03	1.4326e-03	1.0000
57875.776837287	0.000362743055555556	-0.000362743055555556	3.0505e-01	0.0000e+00	0.0000e+00	7.0071e-03	1.8727e-03	1.0000
57882.6905835463	0.000130590277777778	-0.000130590277777778	3.3917e-01	0.0000e+00	0.0000e+00	4.1093e-03	2.3725e-03	1.0000
57883.8464394954	0.104002314814815	-0.104002314814815	1.4979e-02	0.0000e+00	0.0000e+00	2.9448e-04	3.9005e-05	0.0578
57885.3057355822	0.036377037037037	-0.036377037037037	1.0958e-02	0.0000e+00	0.0000e+00	1.6842e-04	2.1564e-05	0.1675
57889.6499633113	0.000333726851851852	-0.000333726851851852	2.1790e-01	0.0000e+00	0.0000e+00	2.1414e-03	1.0707e-03	1.0000
57891.3842039352	0.000957650462962963	-0.000957650462962963	7.2539e-02	0.0000e+00	0.0000e+00	3.4147e-05	1.5271e-05	1.0000
57924.5360575255	0.000333726851851852	-0.000333726851851852	3.0415e-01	0.0000e+00	0.0000e+00	2.2506e-03	1.1253e-03	1.0000
57945.708000978	0.000377256944444444	-0.000377256944444444	1.1890e-01	0.0000e+00	0.0000e+00	1.5017e-03	8.6698e-04	1.0000
57973.7765228657	0.000348240740740741	-0.000348240740740741	2.1265e-01	0.0000e+00	0.0000e+00	1.0797e-03	7.6343e-04	1.0000
