 ! Swift/XRT detailed lightcurve of trigger: 10056, name: sxp 5.05
 ! T0 for this burst is Swift MET=153250381.8006 s, = 2005 Nov 09 at 17:33:01.970 UT

 ! Data covers 0.3-10 keV
 ! For details of light-curve production, see Evans et al. 2007, A&A, 469, 379
 ! BINMODE: 
!MJD    	T_+ve   	T_-ve   	Rate    	Ratepos 	Rateneg 	BGrate  	BGerr   	FracExp
! WT data
56622.8290737199	9.78587962962963e-05	-9.78587962962963e-05	2.411694e+00	4.937112e-01	-4.882729e-01	7.884578e-02	5.575239e-02	1.000000
56624.5064185926	9.78703703703704e-05	-9.78703703703704e-05	1.077472e+00	3.095902e-01	-3.104143e-01	1.204462e-01	6.953963e-02	1.000000
56626.5059610116	0.000110208333333333	-0.000110208333333333	1.407817e+00	2.928234e-01	-2.928234e-01	3.760008e-02	3.760008e-02	1.000000
56634.2403863808	0.00598434027777778	-0.00598434027777778	1.464627e+00	7.149654e-02	-7.070526e-02	1.169990e-01	1.316341e-02	0.459489
56640.0423089606	0.0788809606481481	-0.0788809606481481	1.418853e+00	6.494344e-02	-6.035838e-02	8.482863e-02	3.627010e-03	0.338427
56671.3772371516	0.310171180555556	-0.310171180555556	8.468595e-01	2.321108e-02	-2.313677e-02	1.253988e-01	5.153858e-03	0.065820
56673.2407530532	0.0403612152777778	-0.0403612152777778	8.888831e-01	2.317568e-02	-2.545777e-02	7.911653e-02	4.228957e-03	0.407203
56675.5365029363	0.0702941087962963	-0.0702941087962963	8.444738e-01	1.798276e-02	-1.818241e-02	9.497819e-02	4.129487e-03	0.306276
56677.2752042431	0.0711965046296296	-0.0711965046296296	8.479734e-01	1.716137e-02	-1.716789e-02	8.666540e-02	3.943412e-03	0.309168
56679.508551603	0.0385021875	-0.0385021875	7.509235e-01	2.152926e-02	-2.173672e-02	1.070523e-01	5.626545e-03	0.353537
56683.7788281157	0.16336900462963	-0.16336900462963	6.951405e-01	1.952391e-02	-1.963094e-02	9.804053e-02	5.042661e-03	0.094482
56685.0749035556	0.0701116319444444	-0.0701116319444444	6.650635e-01	2.266366e-02	-2.272816e-02	9.171152e-02	5.709710e-03	0.153033
56687.0785237269	0.00607585648148148	-0.00607585648148148	6.576821e-01	3.455858e-02	-3.716243e-02	1.021841e-01	8.129331e-03	1.000000
56691.268394985	0.0023165625	-0.0023165625	6.274724e-01	5.241378e-02	-5.241323e-02	1.873919e-01	1.964401e-02	1.000000
56693.2422843472	0.0409259953703704	-0.0409259953703704	5.783784e-01	2.271891e-02	-2.271404e-02	1.596241e-01	8.082878e-03	0.277887
56694.5041250995	0.303353946759259	-0.303353946759259	6.346042e-01	1.329167e-02	-1.326552e-02	9.488358e-02	3.226138e-03	0.114436
56696.3410414155	0.00536826388888889	-0.00536826388888889	5.460990e-01	2.997890e-02	-2.997911e-02	1.163851e-01	9.229937e-03	1.000000
! WT upper limits
56694.3749773206	0.174206226851852	-0.174206226851852	1.2755e-03	0.0000e+00	0.0000e+00	0.0000e+00	0.0000e+00	0.1860
! PC data
56601.9948605926	0.00516488425925926	-0.00516488425925926	1.748041e+00	8.830468e-02	-8.830468e-02	3.869786e-03	3.741064e-04	0.879319
56612.8411955718	0.00587650462962963	-0.00587650462962963	6.160670e-01	4.917002e-02	-4.917002e-02	2.959813e-03	2.466511e-04	0.999997
56614.7052486389	0.00570236111111111	-0.00570236111111111	4.479647e-02	8.727361e-03	-8.727361e-03	8.486158e-04	8.203878e-05	1.000000
56616.8416373194	0.0020894212962963	-0.0020894212962963	3.859762e-01	4.769347e-02	-4.769347e-02	3.463311e-03	4.712969e-04	1.000000
56618.8457057685	0.00622472222222222	-0.00622472222222222	2.289299e+00	9.842373e-02	-9.842373e-02	3.676525e-03	3.096192e-04	1.000000
56620.700848963	0.00523805555555556	-0.00523805555555556	1.777873e+00	8.142224e-02	-8.142224e-02	5.040743e-03	4.186109e-04	1.000000
56622.8343125972	0.00512196759259259	-0.00512196759259259	1.614469e+00	8.312306e-02	-8.312306e-02	4.340841e-03	3.882566e-04	1.000000
56624.5070143102	0.000478819444444444	-0.000478819444444444	2.201793e+00	3.337853e-01	-3.337853e-01	2.907806e-03	1.028065e-03	1.000000
56626.7109586157	0.204868333333333	-0.204868333333333	1.561106e+00	6.499381e-02	-6.499381e-02	3.742449e-03	3.107935e-04	0.033854
56628.5736519722	0.00605060185185185	-0.00605060185185185	9.049246e-01	6.847991e-02	-6.847991e-02	3.032969e-03	2.945880e-04	1.000000
56630.1019283495	0.00486079861111111	-0.00486079861111111	9.502240e-01	8.660153e-02	-8.660153e-02	3.329792e-03	3.346567e-04	1.000000
56630.6358803634	0.0056443287037037	-0.0056443287037037	7.039194e-01	3.882357e-02	-3.882357e-02	2.664407e-03	2.942346e-04	1.000000
56631.102913037	0.00526707175925926	-0.00526707175925926	9.852895e-02	1.326449e-02	-1.326449e-02	1.003523e-03	1.244717e-04	1.000000
56631.6348933264	0.00523805555555556	-0.00523805555555556	1.050448e-01	1.221450e-02	-1.221450e-02	1.125881e-03	1.385863e-04	1.000000
56632.2362014734	0.00600707175925926	-0.00600707175925926	8.721953e-02	1.036977e-02	-1.036977e-02	1.086952e-03	1.272181e-04	1.000000
56632.7823162535	0.00571693287037037	-0.00571693287037037	3.673005e-01	2.795762e-02	-2.795762e-02	1.711796e-03	1.867723e-04	0.999991
56633.8710739387	0.375256550925926	-0.375256550925926	1.573360e+00	6.992505e-02	-6.992505e-02	9.079484e-03	4.812117e-04	0.018367
56635.401430316	0.0372222916666667	-0.0372222916666667	1.338804e+00	5.644436e-02	-5.644436e-02	4.193508e-03	3.706572e-04	0.153977
56637.3080728264	0.068857650462963	-0.068857650462963	1.298626e+00	5.744688e-02	-5.744688e-02	3.677535e-03	3.538709e-04	0.078810
56640.7203280231	0.00313412037037037	-0.00313412037037037	1.309346e+00	8.790411e-02	-8.790411e-02	2.862231e-03	3.931576e-04	1.000000
56642.3030050012	0.135718171296296	-0.135718171296296	1.341464e+00	5.628025e-02	-5.628025e-02	3.901092e-03	3.143590e-04	0.053349
56643.0803164826	0.0271569791666667	-0.0271569791666667	1.543158e+00	7.836885e-02	-7.836885e-02	3.971488e-03	3.687434e-04	0.192880
56643.2392337396	0.0057458912037037	-0.0057458912037037	1.227118e+00	6.537920e-02	-6.537920e-02	4.348951e-03	3.688732e-04	1.000000
56643.3850982535	0.00502040509259259	-0.00502040509259259	1.255603e+00	9.143591e-02	-9.143591e-02	2.531253e-03	2.942522e-04	1.000000
56643.579696228	0.00557178240740741	-0.00557178240740741	1.233660e+00	6.073888e-02	-6.073888e-02	3.324159e-03	3.169461e-04	1.000000
56643.7146628831	0.000943136574074074	-0.000943136574074074	1.556417e+00	1.983544e-01	-1.983544e-01	4.343608e-03	9.260604e-04	1.000000
56643.9729936586	0.00532511574074074	-0.00532511574074074	1.244511e+00	7.090433e-02	-7.090433e-02	3.739170e-03	3.533184e-04	0.997274
56644.0396553484	0.00532511574074074	-0.00532511574074074	1.222918e+00	5.428547e-02	-5.428547e-02	3.497611e-03	3.334841e-04	1.000000
56644.2387236817	0.00486079861111111	-0.00486079861111111	1.120509e+00	5.928744e-02	-5.928744e-02	4.003776e-03	3.983906e-04	1.000000
56644.4474354062	0.00587648148148148	-0.00587648148148148	1.307135e+00	8.157439e-02	-8.157439e-02	2.073530e-03	2.043109e-04	1.000000
56644.5109734502	0.00410628472222222	-0.00410628472222222	1.241285e+00	7.786633e-02	-7.786633e-02	3.400890e-03	3.850750e-04	1.000000
56644.7495239248	0.0357240509259259	-0.0357240509259259	1.251721e+00	6.222383e-02	-6.222383e-02	3.231496e-03	3.264304e-04	0.156779
56644.9740434965	0.00567334490740741	-0.00567334490740741	1.291964e+00	6.944836e-02	-6.944836e-02	4.001529e-03	3.536885e-04	1.000000
56645.1067705683	0.00557178240740741	-0.00557178240740741	1.143311e+00	6.313255e-02	-6.313255e-02	3.101176e-03	3.215770e-04	1.000000
56645.2497639248	0.00493334490740741	-0.00493334490740741	6.044109e-01	3.948461e-02	-3.948461e-02	2.143848e-03	2.339130e-04	1.000000
56645.4439625012	0.00658746527777778	-0.00658746527777778	9.479598e-01	4.798674e-02	-4.798674e-02	2.934456e-03	2.836845e-04	1.000000
56645.5816107882	0.0057458912037037	-0.0057458912037037	1.043771e+00	8.915466e-02	-8.915466e-02	1.977294e-03	1.967481e-04	1.000000
56645.7185518646	0.00422236111111111	-0.00422236111111111	1.250256e-01	1.551270e-02	-1.551270e-02	2.086998e-03	2.512450e-04	1.000000
56645.9733356493	0.00497688657407407	-0.00497688657407407	3.141888e-01	2.729218e-02	-2.729218e-02	2.010929e-03	2.234365e-04	0.999997
56646.1127301979	0.0058765162037037	-0.0058765162037037	8.202955e-01	4.224718e-02	-4.224718e-02	3.416256e-03	3.257272e-04	0.997526
56646.3058014931	0.00516549768518519	-0.00516549768518519	1.093272e-01	1.240138e-02	-1.240138e-02	2.403426e-03	2.533434e-04	1.000000
56646.4400905903	0.00558631944444444	-0.00558631944444444	4.462903e-01	3.537665e-02	-3.537665e-02	3.026285e-03	2.604612e-04	0.999994
56646.5823020949	0.00573138888888889	-0.00573138888888889	6.963432e-01	7.404143e-02	-7.404143e-02	2.304432e-03	2.112469e-04	1.000000
56646.7186573264	0.00409177083333333	-0.00409177083333333	5.641440e-01	6.893854e-02	-6.893854e-02	2.148397e-03	2.448326e-04	1.000000
56646.9735104167	0.00551375	-0.00551375	2.390033e-01	2.193115e-02	-2.193115e-02	2.747809e-03	2.518913e-04	0.999998
56647.1156584259	0.005716875	-0.005716875	1.277736e-01	1.461447e-02	-1.461447e-02	1.298182e-03	1.331906e-04	1.000000
56647.2402617477	0.00473020833333333	-0.00473020833333333	7.956745e-02	1.119547e-02	-1.119547e-02	1.529316e-03	1.699240e-04	1.000000
56647.4406291435	0.00574592592592593	-0.00574592592592593	2.197549e-01	1.873226e-02	-1.873226e-02	3.209700e-03	2.762470e-04	0.999996
56647.58357375	0.0044690625	-0.0044690625	1.522329e-01	2.235152e-02	-2.235152e-02	3.336911e-03	5.030582e-04	0.506490
56647.7519613657	0.0367024537037037	-0.0367024537037037	2.785095e-01	3.688023e-02	-3.688023e-02	1.732915e-03	1.652270e-04	0.135996
56647.9735043634	0.00551373842592593	-0.00551373842592593	1.214360e-01	1.263374e-02	-1.263374e-02	2.952584e-03	2.718074e-04	1.000000
56648.1075438542	0.00548472222222222	-0.00548472222222222	1.266280e-01	1.306574e-02	-1.306574e-02	3.216761e-03	2.843242e-04	1.000000
56648.307924919	0.00372902777777778	-0.00372902777777778	7.104309e-02	1.195597e-02	-1.195597e-02	1.318245e-03	1.777521e-04	1.000000
56648.4426062384	0.00584746527777778	-0.00584746527777778	4.872272e-02	8.027433e-03	-8.027433e-03	1.079836e-03	9.736555e-05	1.000000
56648.7519918287	0.0367296643518519	-0.0367296643518519	5.072793e-02	8.616404e-03	-8.616404e-03	1.244333e-03	1.181069e-04	0.149722
56648.9075409143	0.00551373842592593	-0.00551373842592593	7.217153e-02	9.835651e-03	-9.835651e-03	1.668191e-03	1.635796e-04	1.000000
56649.1075443287	0.00478824074074074	-0.00478824074074074	1.509821e-01	1.510635e-02	-1.510635e-02	2.478327e-03	2.672449e-04	1.000000
56649.248820787	0.00518005787037037	-0.00518005787037037	6.165661e-01	5.620716e-02	-5.620716e-02	3.194247e-03	4.928829e-04	0.462181
56649.443445162	0.005716875	-0.005716875	9.236301e-01	5.316205e-02	-5.316205e-02	4.595257e-03	3.790104e-04	1.000000
56649.5834232523	0.00461413194444444	-0.00461413194444444	9.007385e-01	5.707294e-02	-5.707294e-02	3.057196e-03	3.335674e-04	1.000000
56649.7519565741	0.0360895949074074	-0.0360895949074074	1.267445e+00	7.977485e-02	-7.977485e-02	4.582473e-03	4.349491e-04	0.114182
56649.9146776042	0.00529608796296296	-0.00529608796296296	8.665586e-01	4.536260e-02	-4.536260e-02	4.369581e-03	3.877376e-04	1.000000
56650.0421116667	0.0056443287037037	-0.0056443287037037	1.145640e+00	5.581017e-02	-5.581017e-02	4.881397e-03	4.082029e-04	1.000000
56650.1758470486	0.00298905092592593	-0.00298905092592593	1.336459e+00	1.070040e-01	-1.070040e-01	5.055871e-03	5.617634e-04	0.951450
56650.3790120822	0.00555726851851852	-0.00555726851851852	1.112746e+00	5.579204e-02	-5.579204e-02	4.747583e-03	4.056134e-04	1.000000
56650.5128352419	0.00565884259259259	-0.00565884259259259	1.131338e+00	5.565780e-02	-5.565780e-02	5.481620e-03	4.320121e-04	1.000000
56650.7515316655	0.0358275578703704	-0.0358275578703704	1.285107e+00	1.035551e-01	-1.035551e-01	4.814820e-03	4.839077e-04	0.100033
56651.0422112836	0.00484628472222222	-0.00484628472222222	1.099941e+00	6.703983e-02	-6.703983e-02	5.810351e-03	4.776079e-04	1.000000
56651.1762131701	0.00488981481481481	-0.00488981481481481	1.187911e+00	6.910149e-02	-6.910149e-02	5.561662e-03	4.650895e-04	1.000000
56651.3790792581	0.00548472222222222	-0.00548472222222222	1.128788e+00	5.656863e-02	-5.656863e-02	5.130686e-03	4.246186e-04	1.000000
56651.5139447095	0.00533961805555556	-0.00533961805555556	1.013697e+00	5.360261e-02	-5.360261e-02	5.032468e-03	4.003616e-04	1.000000
56651.7514366308	0.035227349537037	-0.035227349537037	1.434175e+00	1.092778e-01	-1.092778e-01	4.756728e-03	5.252928e-04	0.081554
56651.8435717928	0.00488981481481481	-0.00488981481481481	9.929949e-01	5.700140e-02	-5.700140e-02	7.366368e-03	5.386822e-04	1.000000
56652.0837990961	0.0354807291666667	-0.0354807291666667	1.122254e+00	5.626537e-02	-5.626537e-02	5.040001e-03	4.370236e-04	0.130864
56652.2105221852	0.0336024884259259	-0.0336024884259259	1.212426e+00	5.205099e-02	-5.205099e-02	5.575525e-03	4.099207e-04	0.189996
56652.3790540486	0.00551373842592593	-0.00551373842592593	1.056918e+00	4.813834e-02	-4.813834e-02	6.201994e-03	4.674929e-04	1.000000
56652.5138854954	0.00539766203703704	-0.00539766203703704	1.260028e+00	7.524412e-02	-7.524412e-02	5.632309e-03	4.425160e-04	1.000000
56652.7833920347	0.0664675462962963	-0.0664675462962963	1.309617e+00	7.177496e-02	-7.177496e-02	5.892160e-03	4.545900e-04	0.081207
56652.9431545347	0.035857025462963	-0.035857025462963	1.190110e+00	6.220876e-02	-6.220876e-02	4.875323e-03	4.469201e-04	0.131109
56653.079990125	0.0316550925925926	-0.0316550925925926	1.139147e+00	7.099454e-02	-7.099454e-02	5.692841e-03	5.609323e-04	0.104051
56653.2826267569	0.0346699421296296	-0.0346699421296296	1.028738e+00	7.375878e-02	-7.375878e-02	5.912157e-03	6.375243e-04	0.076588
56653.482926294	0.101633229166667	-0.101633229166667	1.286544e+00	5.824815e-02	-5.824815e-02	4.956505e-03	3.824027e-04	0.063388
56653.8496490139	0.0675700115740741	-0.0675700115740741	1.348273e+00	7.553765e-02	-7.553765e-02	6.646368e-03	5.897697e-04	0.053684
56666.7425369236	0.00452707175925926	-0.00452707175925926	9.086920e-01	5.829240e-02	-5.829240e-02	3.802872e-03	3.747082e-04	1.000000
56668.4748780799	0.00552825231481481	-0.00552825231481481	9.886393e-01	7.611602e-02	-7.611602e-02	2.753251e-03	2.934976e-04	1.000000
56670.8458739815	0.0449384259259259	-0.0449384259259259	7.234409e-01	3.998083e-02	-3.998083e-02	2.670816e-03	2.307233e-04	0.157567
56689.0081803229	0.000435289351851852	-0.000435289351851852	4.396044e-01	1.784659e-01	-1.406601e-01	1.242945e-03	7.176148e-04	1.000000
56691.0109579028	0.000435289351851852	-0.000435289351851852	8.492776e-01	1.988143e-01	-1.988143e-01	4.976353e-03	1.436549e-03	1.000000
56698.0102486146	0.000420787037037037	-0.000420787037037037	4.403217e-01	1.136944e-01	-1.136944e-01	6.883498e-03	1.777312e-03	1.000000
56716.1054732859	0.00104471064814815	-0.00104471064814815	9.499990e-02	3.224303e-02	-2.632191e-02	6.744806e-04	2.384649e-04	1.000000
56716.9712833785	0.201479293981482	-0.201479293981482	4.330846e-02	7.851165e-03	-7.851165e-03	7.618516e-04	7.580707e-05	0.029887
56721.3050842396	0.00375804398148148	-0.00375804398148148	4.136756e-02	9.728983e-03	-9.728983e-03	7.149751e-04	9.080192e-05	1.000000
56723.6424957315	0.00594902777777778	-0.00594902777777778	2.336021e-02	5.812538e-03	-5.812538e-03	9.198593e-04	8.362357e-05	1.000000
56724.034487838	0.00562981481481481	-0.00562981481481481	1.824768e-02	6.634838e-03	-5.360349e-03	2.709171e-04	4.646189e-05	1.000000
56725.6982826736	0.271706168981481	-0.271706168981481	1.104299e-02	4.241381e-03	-3.464580e-03	1.104509e-03	8.598594e-05	0.026808
57701.8466329363	0.000333726851851852	-0.000333726851851852	9.667744e-02	6.079310e-02	-4.491896e-02	1.415729e-02	2.889845e-03	1.000000
57708.484105838	0.000348240740740741	-0.000348240740740741	3.302240e-02	4.959965e-02	-2.417240e-02	0.000000e+00	0.000000e+00	1.000000
! PC upper limits
56167.45798737	0.00230706018518519	-0.00230706018518519	4.1306e-02	0.0000e+00	0.0000e+00	1.4676e-04	2.0353e-05	1.0000
56727.3326667569	0.0289787731481481	-0.0289787731481481	1.1002e-02	0.0000e+00	0.0000e+00	4.7924e-04	4.1555e-05	0.2318
57139.9294255995	0.0404924537037037	-0.0404924537037037	1.2626e-02	0.0000e+00	0.0000e+00	2.1595e-04	2.2763e-05	0.1401
57547.8097385903	0.000333726851851852	-0.000333726851851852	1.2878e-01	0.0000e+00	0.0000e+00	2.7480e-03	1.2290e-03	1.0000
57563.7600286771	0.000319212962962963	-0.000319212962962963	1.3807e-01	0.0000e+00	0.0000e+00	1.0749e-03	7.6010e-04	1.0000
57567.7391473333	0.000333726851851852	-0.000333726851851852	1.3274e-01	0.0000e+00	0.0000e+00	3.6141e-03	1.3660e-03	1.0000
57575.767780338	0.000319212962962963	-0.000319212962962963	1.3448e-01	0.0000e+00	0.0000e+00	2.3573e-03	1.1786e-03	1.0000
57579.6331914699	0.000348240740740741	-0.000348240740740741	1.5735e-01	0.0000e+00	0.0000e+00	1.2924e-02	2.6382e-03	1.0000
57585.2664458565	0.000290196759259259	-0.000290196759259259	1.4779e-01	0.0000e+00	0.0000e+00	1.9728e-03	1.1390e-03	1.0000
57599.1797251979	0.000304710648148148	-0.000304710648148148	1.4184e-01	0.0000e+00	0.0000e+00	2.5886e-03	1.2943e-03	1.0000
57603.696571735	0.000348240740740741	-0.000348240740740741	1.2375e-01	0.0000e+00	0.0000e+00	3.3974e-03	1.3870e-03	1.0000
57609.1502895451	0.0704594907407407	-0.0704594907407407	2.3254e-02	0.0000e+00	0.0000e+00	3.3813e-04	4.7348e-05	0.0389
57610.6014922222	0.000377256944444444	-0.000377256944444444	1.1525e-01	0.0000e+00	0.0000e+00	1.0454e-03	7.3919e-04	1.0000
57617.5811341435	0.000362743055555556	-0.000362743055555556	1.5995e-01	0.0000e+00	0.0000e+00	4.3570e-03	1.5404e-03	1.0000
57624.6171581134	0.000333726851851852	-0.000333726851851852	1.3159e-01	0.0000e+00	0.0000e+00	4.7404e-03	1.6760e-03	1.0000
57631.5270323021	0.000319212962962963	-0.000319212962962963	1.3851e-01	0.0000e+00	0.0000e+00	1.8597e-03	1.0737e-03	1.0000
57652.740084	0.000319212962962963	-0.000319212962962963	1.8642e-01	0.0000e+00	0.0000e+00	3.7240e-03	1.5203e-03	1.0000
57659.6492831875	0.000333726851851852	-0.000333726851851852	1.3347e-01	0.0000e+00	0.0000e+00	4.7454e-03	1.6777e-03	1.0000
57666.6770003611	0.000377256944444444	-0.000377256944444444	1.1894e-01	0.0000e+00	0.0000e+00	3.6766e-03	1.3896e-03	1.0000
57673.5875919896	0.000362743055555556	-0.000362743055555556	1.2443e-01	0.0000e+00	0.0000e+00	4.3681e-03	1.5444e-03	1.0000
57680.7067079479	0.000362743055555556	-0.000362743055555556	1.2494e-01	0.0000e+00	0.0000e+00	2.6525e-03	1.1862e-03	1.0000
57687.4708376435	0.000333726851851852	-0.000333726851851852	2.2373e-01	0.0000e+00	0.0000e+00	2.8335e-03	1.2672e-03	1.0000
57708.4964193565	0.000319212962962963	-0.000319212962962963	1.4304e-01	0.0000e+00	0.0000e+00	1.8293e-03	1.0562e-03	1.0000
57717.3915103484	0.000362743055555556	-0.000362743055555556	1.2516e-01	0.0000e+00	0.0000e+00	2.1736e-03	1.0868e-03	1.0000
57722.7716064294	0.000333726851851852	-0.000333726851851852	1.3574e-01	0.0000e+00	0.0000e+00	3.9298e-03	1.4853e-03	1.0000
57736.9075968113	0.000333726851851852	-0.000333726851851852	2.1576e-01	0.0000e+00	0.0000e+00	3.1066e-03	1.2683e-03	1.0000
57751.6205506285	0.000377256944444444	-0.000377256944444444	1.9346e-01	0.0000e+00	0.0000e+00	4.1959e-03	1.4835e-03	1.0000
57758.7811399387	0.000362743055555556	-0.000362743055555556	2.3871e-01	0.0000e+00	0.0000e+00	1.0151e-03	7.1776e-04	1.0000
57764.5560710069	0.000319212962962963	-0.000319212962962963	2.0188e-01	0.0000e+00	0.0000e+00	2.9204e-03	1.3060e-03	1.0000
57772.070396022	0.000246666666666667	-0.000246666666666667	2.5482e-01	0.0000e+00	0.0000e+00	2.9153e-03	1.4576e-03	1.0000
57778.9035122743	0.000362743055555556	-0.000362743055555556	1.2621e-01	0.0000e+00	0.0000e+00	2.4231e-03	1.0837e-03	1.0000
57785.283487625	0.000348240740740741	-0.000348240740740741	2.4449e-01	0.0000e+00	0.0000e+00	1.1666e-02	2.4873e-03	1.0000
57806.4917183843	0.000362743055555556	-0.000362743055555556	1.2554e-01	0.0000e+00	0.0000e+00	2.0377e-03	1.0189e-03	1.0000
57820.3121298218	0.000362743055555556	-0.000362743055555556	1.2617e-01	0.0000e+00	0.0000e+00	1.9633e-03	9.8165e-04	1.0000
57826.666535934	0.000333726851851852	-0.000333726851851852	1.5086e-01	0.0000e+00	0.0000e+00	1.0680e-03	7.5517e-04	1.0000
57834.7000768831	0.000333726851851852	-0.000333726851851852	1.3309e-01	0.0000e+00	0.0000e+00	1.5791e-03	9.1170e-04	1.0000
57842.5422817778	0.000377256944444444	-0.000377256944444444	1.7456e-01	0.0000e+00	0.0000e+00	1.4256e-02	2.6472e-03	1.0000
57854.5390847407	0.000377256944444444	-0.000377256944444444	1.1421e-01	0.0000e+00	0.0000e+00	6.1118e-03	1.7643e-03	1.0000
57861.3593144954	0.000290196759259259	-0.000290196759259259	1.5542e-01	0.0000e+00	0.0000e+00	2.4271e-03	1.2136e-03	1.0000
57867.869377191	0.0734515162037037	-0.0734515162037037	5.7614e-03	0.0000e+00	0.0000e+00	2.4075e-04	1.7944e-05	0.1922
57868.2849339039	0.000348240740740741	-0.000348240740740741	1.2402e-01	0.0000e+00	0.0000e+00	4.9706e-03	1.6569e-03	1.0000
57872.0223233241	0.769640706018518	-0.769640706018518	1.0339e-03	0.0000e+00	0.0000e+00	1.0801e-04	3.3736e-06	0.0913
57875.7778463889	0.000348240740740741	-0.000348240740740741	1.2405e-01	0.0000e+00	0.0000e+00	4.5239e-03	1.5994e-03	1.0000
57882.7449933426	0.000333726851851852	-0.000333726851851852	1.2705e-01	0.0000e+00	0.0000e+00	1.7722e-03	1.0232e-03	1.0000
57889.6509949479	0.000333726851851852	-0.000333726851851852	1.2641e-01	0.0000e+00	0.0000e+00	2.9512e-03	1.3198e-03	1.0000
57910.3410606192	0.000333726851851852	-0.000333726851851852	1.2566e-01	0.0000e+00	0.0000e+00	1.1742e-03	8.3030e-04	1.0000
57917.3746235764	0.000348240740740741	-0.000348240740740741	1.2134e-01	0.0000e+00	0.0000e+00	4.3100e-03	1.5238e-03	1.0000
57924.5921417535	0.000304710648148148	-0.000304710648148148	1.8769e-01	0.0000e+00	0.0000e+00	1.1246e-03	7.9521e-04	1.0000
57945.7090428588	0.000348240740740741	-0.000348240740740741	1.6738e-01	0.0000e+00	0.0000e+00	1.0385e-03	7.3436e-04	1.0000
57959.8920576343	0.000377256944444444	-0.000377256944444444	1.5193e-01	0.0000e+00	0.0000e+00	3.6620e-03	1.3841e-03	1.0000
57966.6652561088	0.000333726851851852	-0.000333726851851852	1.3005e-01	0.0000e+00	0.0000e+00	2.3623e-03	1.1811e-03	1.0000
57973.8307134375	0.000319212962962963	-0.000319212962962963	1.3662e-01	0.0000e+00	0.0000e+00	6.1769e-04	6.1769e-04	1.0000
57976.42476061	0.331249039351852	-0.331249039351852	1.3713e-03	0.0000e+00	0.0000e+00	9.0366e-05	3.2779e-06	0.1637
57977.5704839421	0.0348097222222222	-0.0348097222222222	4.8503e-03	0.0000e+00	0.0000e+00	2.4701e-04	1.9904e-05	0.3168
